#          k/h    CDM            baryon         photon         nu             mass_nu        total          no_nu          total_de       Weyl           v_CDM          v_b            v_b-v_c     
   0.714286E-04   0.190370E+08   0.190370E+08   0.247344E+08   0.247334E+08   0.000000E+00   0.190370E+08   0.190370E+08   0.190440E+08  -0.467511E+00   0.976344E+07   0.976344E+07   0.372822E-01
   0.117766E-03   0.190350E+08   0.190350E+08   0.236529E+08   0.236504E+08   0.000000E+00   0.190350E+08   0.190350E+08   0.190417E+08  -0.467446E+00   0.976235E+07   0.976235E+07   0.613439E-01
   0.194163E-03   0.190294E+08   0.190294E+08   0.209276E+08   0.209215E+08   0.000000E+00   0.190294E+08   0.190294E+08   0.190353E+08  -0.467272E+00   0.975943E+07   0.975943E+07   0.100598E+00
   0.320121E-03   0.190145E+08   0.190145E+08   0.149094E+08   0.148983E+08   0.000000E+00   0.190145E+08   0.190145E+08   0.190187E+08  -0.466825E+00   0.975169E+07   0.975169E+07   0.163600E+00
   0.527790E-03   0.189767E+08   0.189767E+08   0.574790E+07   0.573970E+07   0.000000E+00   0.189767E+08   0.189767E+08   0.189783E+08  -0.465751E+00   0.973195E+07   0.973195E+07   0.261330E+00
   0.870178E-03   0.188876E+08   0.188875E+08   0.104118E+07   0.104525E+07   0.000000E+00   0.188876E+08   0.188876E+08   0.188879E+08  -0.463440E+00   0.968556E+07   0.968556E+07   0.406463E+00
   0.143468E-02   0.186973E+08   0.186971E+08   0.174482E+06   0.175806E+06   0.000000E+00   0.186973E+08   0.186973E+08   0.186973E+08  -0.458736E+00   0.958745E+07   0.958745E+07   0.619328E+00
   0.236539E-02   0.183221E+08   0.183215E+08  -0.915097E+05  -0.915421E+05   0.000000E+00   0.183220E+08   0.183220E+08   0.183220E+08  -0.449515E+00   0.939484E+07   0.939484E+07   0.931078E+00
   0.389987E-02   0.176348E+08   0.176331E+08  -0.323967E+05  -0.324082E+05   0.000000E+00   0.176345E+08   0.176345E+08   0.176345E+08  -0.432645E+00   0.904220E+07   0.904219E+07   0.138370E+01
   0.409982E-02   0.175428E+08   0.175410E+08  -0.291605E+05  -0.291709E+05   0.000000E+00   0.175425E+08   0.175425E+08   0.175425E+08  -0.430387E+00   0.899502E+07   0.899500E+07   0.143864E+01
   0.431002E-02   0.174459E+08   0.174439E+08  -0.262395E+05  -0.262488E+05   0.000000E+00   0.174455E+08   0.174455E+08   0.174455E+08  -0.428009E+00   0.894530E+07   0.894528E+07   0.149555E+01
   0.453100E-02   0.173438E+08   0.173416E+08  -0.236035E+05  -0.236118E+05   0.000000E+00   0.173435E+08   0.173435E+08   0.173435E+08  -0.425505E+00   0.889296E+07   0.889294E+07   0.155447E+01
   0.476331E-02   0.172365E+08   0.172341E+08  -0.212250E+05  -0.212325E+05   0.000000E+00   0.172361E+08   0.172361E+08   0.172361E+08  -0.422871E+00   0.883791E+07   0.883789E+07   0.161546E+01
   0.500753E-02   0.171237E+08   0.171211E+08  -0.190793E+05  -0.190861E+05   0.000000E+00   0.171233E+08   0.171233E+08   0.171233E+08  -0.420102E+00   0.878005E+07   0.878002E+07   0.167856E+01
   0.526427E-02   0.170053E+08   0.170023E+08  -0.171441E+05  -0.171502E+05   0.000000E+00   0.170048E+08   0.170048E+08   0.170048E+08  -0.417195E+00   0.871928E+07   0.871925E+07   0.174380E+01
   0.553418E-02   0.168809E+08   0.168777E+08  -0.153991E+05  -0.154046E+05   0.000000E+00   0.168804E+08   0.168804E+08   0.168804E+08  -0.414144E+00   0.865551E+07   0.865548E+07   0.181121E+01
   0.581792E-02   0.167506E+08   0.167471E+08  -0.138260E+05  -0.138309E+05   0.000000E+00   0.167500E+08   0.167500E+08   0.167500E+08  -0.410944E+00   0.858864E+07   0.858861E+07   0.188082E+01
   0.611621E-02   0.166140E+08   0.166101E+08  -0.124082E+05  -0.124126E+05   0.000000E+00   0.166134E+08   0.166134E+08   0.166134E+08  -0.407592E+00   0.851857E+07   0.851854E+07   0.195265E+01
   0.642980E-02   0.164710E+08   0.164668E+08  -0.111307E+05  -0.111346E+05   0.000000E+00   0.164703E+08   0.164703E+08   0.164703E+08  -0.404082E+00   0.844521E+07   0.844518E+07   0.202669E+01
   0.675946E-02   0.163214E+08   0.163167E+08  -0.997990E+04  -0.998343E+04   0.000000E+00   0.163206E+08   0.163206E+08   0.163206E+08  -0.400409E+00   0.836846E+07   0.836842E+07   0.210294E+01
   0.710602E-02   0.161650E+08   0.161598E+08  -0.894358E+04  -0.894674E+04   0.000000E+00   0.161641E+08   0.161641E+08   0.161641E+08  -0.396569E+00   0.828821E+07   0.828817E+07   0.218138E+01
   0.747036E-02   0.160015E+08   0.159959E+08  -0.801061E+04  -0.801345E+04   0.000000E+00   0.160006E+08   0.160006E+08   0.160006E+08  -0.392558E+00   0.820437E+07   0.820432E+07   0.226195E+01
   0.785337E-02   0.158309E+08   0.158248E+08  -0.717096E+04  -0.717350E+04   0.000000E+00   0.158299E+08   0.158299E+08   0.158299E+08  -0.388370E+00   0.811684E+07   0.811678E+07   0.234460E+01
   0.825602E-02   0.156529E+08   0.156462E+08  -0.641554E+04  -0.641781E+04   0.000000E+00   0.156518E+08   0.156518E+08   0.156518E+08  -0.384000E+00   0.802551E+07   0.802545E+07   0.242922E+01
   0.867932E-02   0.154673E+08   0.154599E+08  -0.573614E+04  -0.573817E+04   0.000000E+00   0.154661E+08   0.154661E+08   0.154661E+08  -0.379444E+00   0.793029E+07   0.793023E+07   0.251570E+01
   0.912431E-02   0.152739E+08   0.152659E+08  -0.512533E+04  -0.512715E+04   0.000000E+00   0.152726E+08   0.152726E+08   0.152726E+08  -0.374696E+00   0.783107E+07   0.783100E+07   0.260388E+01
   0.959213E-02   0.150725E+08   0.150637E+08  -0.457641E+04  -0.457803E+04   0.000000E+00   0.150711E+08   0.150711E+08   0.150711E+08  -0.369753E+00   0.772776E+07   0.772768E+07   0.269356E+01
   0.100839E-01   0.148630E+08   0.148534E+08  -0.408329E+04  -0.408474E+04   0.000000E+00   0.148614E+08   0.148614E+08   0.148614E+08  -0.364609E+00   0.762024E+07   0.762015E+07   0.278450E+01
   0.106009E-01   0.146451E+08   0.146346E+08  -0.364050E+04  -0.364179E+04   0.000000E+00   0.146433E+08   0.146433E+08   0.146433E+08  -0.359258E+00   0.750842E+07   0.750833E+07   0.287639E+01
   0.111445E-01   0.144186E+08   0.144071E+08  -0.324308E+04  -0.324423E+04   0.000000E+00   0.144167E+08   0.144167E+08   0.144167E+08  -0.353698E+00   0.739221E+07   0.739212E+07   0.296888E+01
   0.117159E-01   0.141834E+08   0.141709E+08  -0.288655E+04  -0.288757E+04   0.000000E+00   0.141813E+08   0.141813E+08   0.141813E+08  -0.347923E+00   0.727152E+07   0.727141E+07   0.306155E+01
   0.123165E-01   0.139392E+08   0.139256E+08  -0.256686E+04  -0.256777E+04   0.000000E+00   0.139370E+08   0.139370E+08   0.139370E+08  -0.341929E+00   0.714624E+07   0.714612E+07   0.315389E+01
   0.129480E-01   0.136860E+08   0.136712E+08  -0.228037E+04  -0.228117E+04   0.000000E+00   0.136836E+08   0.136836E+08   0.136836E+08  -0.335712E+00   0.701631E+07   0.701618E+07   0.324532E+01
   0.136119E-01   0.134236E+08   0.134076E+08  -0.202376E+04  -0.202448E+04   0.000000E+00   0.134209E+08   0.134209E+08   0.134209E+08  -0.329268E+00   0.688165E+07   0.688151E+07   0.333517E+01
   0.143098E-01   0.131519E+08   0.131345E+08  -0.179407E+04  -0.179471E+04   0.000000E+00   0.131490E+08   0.131490E+08   0.131490E+08  -0.322596E+00   0.674220E+07   0.674205E+07   0.342265E+01
   0.150434E-01   0.128708E+08   0.128519E+08  -0.158861E+04  -0.158917E+04   0.000000E+00   0.128676E+08   0.128676E+08   0.128676E+08  -0.315693E+00   0.659793E+07   0.659777E+07   0.350689E+01
   0.158147E-01   0.125802E+08   0.125598E+08  -0.140495E+04  -0.140545E+04   0.000000E+00   0.125768E+08   0.125768E+08   0.125768E+08  -0.308559E+00   0.644882E+07   0.644865E+07   0.358688E+01
   0.166256E-01   0.122803E+08   0.122583E+08  -0.124091E+04  -0.124135E+04   0.000000E+00   0.122766E+08   0.122766E+08   0.122766E+08  -0.301193E+00   0.629489E+07   0.629471E+07   0.366150E+01
   0.174780E-01   0.119948E+08   0.119711E+08  -0.109669E+04  -0.109708E+04   0.000000E+00   0.119908E+08   0.119908E+08   0.119908E+08  -0.294183E+00   0.614837E+07   0.614818E+07   0.372639E+01
   0.183741E-01   0.116794E+08   0.116540E+08  -0.966209E+03  -0.966551E+03   0.000000E+00   0.116752E+08   0.116752E+08   0.116752E+08  -0.286438E+00   0.598651E+07   0.598631E+07   0.378586E+01
   0.193162E-01   0.113553E+08   0.113281E+08  -0.849971E+03  -0.850272E+03   0.000000E+00   0.113507E+08   0.113507E+08   0.113507E+08  -0.278478E+00   0.582016E+07   0.581994E+07   0.383580E+01
   0.203065E-01   0.110227E+08   0.109937E+08  -0.746536E+03  -0.746800E+03   0.000000E+00   0.110179E+08   0.110179E+08   0.110179E+08  -0.270312E+00   0.564949E+07   0.564926E+07   0.387458E+01
   0.213477E-01   0.106822E+08   0.106514E+08  -0.654604E+03  -0.654835E+03   0.000000E+00   0.106771E+08   0.106771E+08   0.106771E+08  -0.261951E+00   0.547476E+07   0.547451E+07   0.390048E+01
   0.224422E-01   0.103147E+08   0.102819E+08  -0.571905E+03  -0.572108E+03   0.000000E+00   0.103092E+08   0.103092E+08   0.103092E+08  -0.252926E+00   0.528613E+07   0.528587E+07   0.391417E+01
   0.235928E-01   0.995933E+07   0.992474E+07  -0.499631E+03  -0.499808E+03   0.000000E+00   0.995356E+07   0.995356E+07   0.995356E+07  -0.244200E+00   0.510376E+07   0.510349E+07   0.390896E+01
   0.248025E-01   0.959868E+07   0.956231E+07  -0.435694E+03  -0.435848E+03   0.000000E+00   0.959262E+07   0.959262E+07   0.959262E+07  -0.235345E+00   0.491869E+07   0.491840E+07   0.388533E+01
   0.260741E-01   0.923402E+07   0.919596E+07  -0.379236E+03  -0.379370E+03   0.000000E+00   0.922768E+07   0.922768E+07   0.922768E+07  -0.226391E+00   0.473157E+07   0.473127E+07   0.384144E+01
   0.274110E-01   0.887376E+07   0.883415E+07  -0.329743E+03  -0.329859E+03   0.000000E+00   0.886716E+07   0.886716E+07   0.886716E+07  -0.217546E+00   0.454671E+07   0.454640E+07   0.377482E+01
   0.288163E-01   0.850558E+07   0.846461E+07  -0.285969E+03  -0.286070E+03   0.000000E+00   0.849875E+07   0.849875E+07   0.849875E+07  -0.208508E+00   0.435781E+07   0.435749E+07   0.368557E+01
   0.302938E-01   0.813852E+07   0.809642E+07  -0.247576E+03  -0.247663E+03   0.000000E+00   0.813150E+07   0.813150E+07   0.813150E+07  -0.199498E+00   0.416950E+07   0.416918E+07   0.357170E+01
   0.318470E-01   0.777482E+07   0.773188E+07  -0.213994E+03  -0.214069E+03   0.000000E+00   0.776766E+07   0.776766E+07   0.776766E+07  -0.190571E+00   0.398294E+07   0.398262E+07   0.343248E+01
   0.334798E-01   0.745687E+07   0.741342E+07  -0.185702E+03  -0.185768E+03   0.000000E+00   0.744963E+07   0.744963E+07   0.744963E+07  -0.182769E+00   0.381987E+07   0.381954E+07   0.326893E+01
   0.351964E-01   0.710938E+07   0.706584E+07  -0.160193E+03  -0.160250E+03   0.000000E+00   0.710212E+07   0.710212E+07   0.710212E+07  -0.174243E+00   0.364169E+07   0.364136E+07   0.307938E+01
   0.370009E-01   0.677209E+07   0.672890E+07  -0.138066E+03  -0.138115E+03   0.000000E+00   0.676489E+07   0.676489E+07   0.676489E+07  -0.165969E+00   0.346877E+07   0.346845E+07   0.286634E+01
   0.388980E-01   0.644699E+07   0.640464E+07  -0.118927E+03  -0.118969E+03   0.000000E+00   0.643993E+07   0.643993E+07   0.643993E+07  -0.157997E+00   0.330214E+07   0.330184E+07   0.263225E+01
   0.408923E-01   0.613810E+07   0.609710E+07  -0.102452E+03  -0.102488E+03   0.000000E+00   0.613127E+07   0.613127E+07   0.613127E+07  -0.150424E+00   0.314387E+07   0.314358E+07   0.238045E+01
   0.429889E-01   0.582187E+07   0.578274E+07  -0.879254E+02  -0.879565E+02   0.000000E+00   0.581535E+07   0.581535E+07   0.581535E+07  -0.142673E+00   0.298188E+07   0.298161E+07   0.211500E+01
   0.451930E-01   0.555075E+07   0.551398E+07  -0.758541E+02  -0.758809E+02   0.000000E+00   0.554462E+07   0.554462E+07   0.554462E+07  -0.136031E+00   0.284306E+07   0.284281E+07   0.184271E+01
   0.475101E-01   0.530011E+07   0.526615E+07  -0.655383E+02  -0.655615E+02   0.000000E+00   0.529445E+07   0.529445E+07   0.529445E+07  -0.129894E+00   0.271478E+07   0.271456E+07   0.157008E+01
   0.499460E-01   0.506889E+07   0.503809E+07  -0.567170E+02  -0.567371E+02   0.000000E+00   0.506376E+07   0.506376E+07   0.506376E+07  -0.124234E+00   0.259649E+07   0.259629E+07   0.130491E+01
   0.525068E-01   0.486900E+07   0.484158E+07  -0.492990E+02  -0.493164E+02   0.000000E+00   0.486443E+07   0.486443E+07   0.486443E+07  -0.119344E+00   0.249428E+07   0.249411E+07   0.105580E+01
   0.551989E-01   0.467030E+07   0.464633E+07  -0.427902E+02  -0.428054E+02   0.000000E+00   0.466631E+07   0.466631E+07   0.466631E+07  -0.114483E+00   0.239268E+07   0.239255E+07   0.830539E+00
   0.580290E-01   0.448458E+07   0.446393E+07  -0.371813E+02  -0.371944E+02   0.000000E+00   0.448114E+07   0.448114E+07   0.448114E+07  -0.109940E+00   0.229773E+07   0.229762E+07   0.636919E+00
   0.619972E-01   0.424289E+07   0.422612E+07  -0.308213E+02  -0.308322E+02   0.000000E+00   0.424010E+07   0.424010E+07   0.424010E+07  -0.104026E+00   0.217413E+07   0.217405E+07   0.439335E+00
   0.659655E-01   0.402492E+07   0.401089E+07  -0.258278E+02  -0.258369E+02   0.000000E+00   0.402258E+07   0.402258E+07   0.402258E+07  -0.986897E-01   0.206260E+07   0.206253E+07   0.321046E+00
   0.699337E-01   0.381344E+07   0.380095E+07  -0.217731E+02  -0.217808E+02   0.000000E+00   0.381136E+07   0.381136E+07   0.381136E+07  -0.935077E-01   0.195429E+07   0.195424E+07   0.268055E+00
   0.739020E-01   0.360731E+07   0.359528E+07  -0.184436E+02  -0.184502E+02   0.000000E+00   0.360531E+07   0.360531E+07   0.360531E+07  -0.884524E-01   0.184864E+07   0.184858E+07   0.262895E+00
   0.778703E-01   0.339570E+07   0.338328E+07  -0.156366E+02  -0.156421E+02   0.000000E+00   0.339363E+07   0.339363E+07   0.339363E+07  -0.832591E-01   0.174010E+07   0.174004E+07   0.286781E+00
   0.818385E-01   0.318610E+07   0.317279E+07  -0.132821E+02  -0.132868E+02   0.000000E+00   0.318388E+07   0.318388E+07   0.318388E+07  -0.781131E-01   0.163256E+07   0.163248E+07   0.322505E+00
   0.858068E-01   0.298419E+07   0.296982E+07  -0.113153E+02  -0.113193E+02   0.000000E+00   0.298179E+07   0.298179E+07   0.298179E+07  -0.731551E-01   0.152894E+07   0.152885E+07   0.355932E+00
   0.897750E-01   0.279598E+07   0.278070E+07  -0.968427E+01  -0.968770E+01   0.000000E+00   0.279343E+07   0.279343E+07   0.279343E+07  -0.685339E-01   0.143236E+07   0.143226E+07   0.377182E+00
   0.937433E-01   0.262632E+07   0.261052E+07  -0.834211E+01  -0.834506E+01   0.000000E+00   0.262368E+07   0.262368E+07   0.262368E+07  -0.643693E-01   0.134532E+07   0.134521E+07   0.380964E+00
   0.977115E-01   0.247810E+07   0.246231E+07  -0.724459E+01  -0.724715E+01   0.000000E+00   0.247547E+07   0.247547E+07   0.247547E+07  -0.607330E-01   0.126932E+07   0.126921E+07   0.366234E+00
   0.101680E+00   0.235207E+07   0.233684E+07  -0.634979E+01  -0.635204E+01   0.000000E+00   0.234953E+07   0.234953E+07   0.234953E+07  -0.576432E-01   0.120474E+07   0.120464E+07   0.335360E+00
   0.105648E+00   0.224688E+07   0.223269E+07  -0.561882E+01  -0.562081E+01   0.000000E+00   0.224452E+07   0.224452E+07   0.224452E+07  -0.550668E-01   0.115090E+07   0.115080E+07   0.293014E+00
   0.109616E+00   0.215954E+07   0.214673E+07  -0.501675E+01  -0.501853E+01   0.000000E+00   0.215741E+07   0.215741E+07   0.215741E+07  -0.529297E-01   0.110623E+07   0.110615E+07   0.244992E+00
   0.113585E+00   0.208593E+07   0.207467E+07  -0.451341E+01  -0.451501E+01   0.000000E+00   0.208405E+07   0.208405E+07   0.208405E+07  -0.511300E-01   0.106861E+07   0.106855E+07   0.197117E+00
   0.117553E+00   0.202140E+07   0.201165E+07  -0.408381E+01  -0.408526E+01   0.000000E+00   0.201978E+07   0.201978E+07   0.201978E+07  -0.495530E-01   0.103565E+07   0.103560E+07   0.154362E+00
   0.121521E+00   0.196141E+07   0.195299E+07  -0.370832E+01  -0.370963E+01   0.000000E+00   0.196000E+07   0.196000E+07   0.196000E+07  -0.480866E-01   0.100500E+07   0.100496E+07   0.120255E+00
   0.125489E+00   0.190211E+07   0.189471E+07  -0.337257E+01  -0.337376E+01   0.000000E+00   0.190088E+07   0.190088E+07   0.190088E+07  -0.466360E-01   0.974686E+06   0.974650E+06   0.965960E-01
   0.129458E+00   0.184086E+07   0.183410E+07  -0.306703E+01  -0.306811E+01   0.000000E+00   0.183973E+07   0.183973E+07   0.183973E+07  -0.451359E-01   0.943333E+06   0.943300E+06   0.834895E-01
   0.133426E+00   0.177636E+07   0.176988E+07  -0.278616E+01  -0.278715E+01   0.000000E+00   0.177528E+07   0.177528E+07   0.177528E+07  -0.435547E-01   0.910286E+06   0.910254E+06   0.796098E-01
   0.137394E+00   0.170863E+07   0.170210E+07  -0.252729E+01  -0.252819E+01   0.000000E+00   0.170754E+07   0.170754E+07   0.170754E+07  -0.418927E-01   0.875552E+06   0.875518E+06   0.826383E-01
   0.141362E+00   0.163870E+07   0.163190E+07  -0.228958E+01  -0.229039E+01   0.000000E+00   0.163757E+07   0.163757E+07   0.163757E+07  -0.401760E-01   0.839674E+06   0.839636E+06   0.897635E-01
   0.145331E+00   0.156843E+07   0.156124E+07  -0.207323E+01  -0.207396E+01   0.000000E+00   0.156723E+07   0.156723E+07   0.156723E+07  -0.384503E-01   0.803607E+06   0.803565E+06   0.981601E-01
   0.149299E+00   0.150015E+07   0.149257E+07  -0.187884E+01  -0.187950E+01   0.000000E+00   0.149888E+07   0.149888E+07   0.149888E+07  -0.367735E-01   0.768564E+06   0.768517E+06   0.105386E+00
   0.153267E+00   0.143623E+07   0.142836E+07  -0.170674E+01  -0.170734E+01   0.000000E+00   0.143491E+07   0.143491E+07   0.143491E+07  -0.352041E-01   0.735765E+06   0.735714E+06   0.109663E+00
   0.157235E+00   0.137849E+07   0.137050E+07  -0.155641E+01  -0.155696E+01   0.000000E+00   0.137716E+07   0.137716E+07   0.137716E+07  -0.337871E-01   0.706150E+06   0.706098E+06   0.110017E+00
   0.161204E+00   0.132783E+07   0.131992E+07  -0.142627E+01  -0.142678E+01   0.000000E+00   0.132651E+07   0.132651E+07   0.132651E+07  -0.325445E-01   0.680179E+06   0.680127E+06   0.106281E+00
   0.165172E+00   0.128417E+07   0.127654E+07  -0.131390E+01  -0.131436E+01   0.000000E+00   0.128290E+07   0.128290E+07   0.128290E+07  -0.314746E-01   0.657818E+06   0.657769E+06   0.989825E-01
   0.169140E+00   0.124679E+07   0.123960E+07  -0.121653E+01  -0.121696E+01   0.000000E+00   0.124559E+07   0.124559E+07   0.124559E+07  -0.305593E-01   0.638689E+06   0.638644E+06   0.891354E-01
   0.173108E+00   0.121458E+07   0.120793E+07  -0.113143E+01  -0.113183E+01   0.000000E+00   0.121347E+07   0.121347E+07   0.121347E+07  -0.297711E-01   0.622216E+06   0.622175E+06   0.780072E-01
   0.177077E+00   0.118617E+07   0.118011E+07  -0.105605E+01  -0.105643E+01   0.000000E+00   0.118516E+07   0.118516E+07   0.118516E+07  -0.290766E-01   0.607698E+06   0.607662E+06   0.668877E-01
   0.181045E+00   0.116002E+07   0.115453E+07  -0.988051E+00  -0.988400E+00   0.000000E+00   0.115911E+07   0.115911E+07   0.115911E+07  -0.284374E-01   0.594340E+06   0.594309E+06   0.568979E-01
   0.185013E+00   0.113458E+07   0.112957E+07  -0.925416E+00  -0.925743E+00   0.000000E+00   0.113375E+07   0.113375E+07   0.113375E+07  -0.278153E-01   0.581337E+06   0.581310E+06   0.488532E-01
   0.188981E+00   0.110856E+07   0.110392E+07  -0.866649E+00  -0.866955E+00   0.000000E+00   0.110779E+07   0.110779E+07   0.110779E+07  -0.271785E-01   0.568027E+06   0.568002E+06   0.431900E-01
   0.192950E+00   0.108120E+07   0.107679E+07  -0.810860E+00  -0.811147E+00   0.000000E+00   0.108047E+07   0.108047E+07   0.108047E+07  -0.265081E-01   0.554016E+06   0.553993E+06   0.399581E-01
   0.196918E+00   0.105231E+07   0.104800E+07  -0.757706E+00  -0.757974E+00   0.000000E+00   0.105159E+07   0.105159E+07   0.105159E+07  -0.257997E-01   0.539212E+06   0.539189E+06   0.388718E-01
   0.200886E+00   0.102214E+07   0.101782E+07  -0.707176E+00  -0.707426E+00   0.000000E+00   0.102142E+07   0.102142E+07   0.102142E+07  -0.250594E-01   0.523738E+06   0.523714E+06   0.394025E-01
   0.204854E+00   0.991194E+06   0.986790E+06  -0.659437E+00  -0.659670E+00   0.000000E+00   0.990460E+06   0.990460E+06   0.990460E+06  -0.242999E-01   0.507865E+06   0.507840E+06   0.408931E-01
   0.208823E+00   0.960196E+06   0.955672E+06  -0.614743E+00  -0.614960E+00   0.000000E+00   0.959442E+06   0.959442E+06   0.959442E+06  -0.235389E-01   0.491961E+06   0.491934E+06   0.426707E-01
   0.221475E+00   0.870551E+06   0.865823E+06  -0.495438E+00  -0.495613E+00   0.000000E+00   0.869763E+06   0.869763E+06   0.869763E+06  -0.213387E-01   0.445978E+06   0.445949E+06   0.444424E-01
   0.234894E+00   0.802137E+06   0.797900E+06  -0.405843E+00  -0.405987E+00   0.000000E+00   0.801431E+06   0.801431E+06   0.801431E+06  -0.196623E-01   0.410940E+06   0.410914E+06   0.363389E-01
   0.249125E+00   0.748548E+06   0.745109E+06  -0.336728E+00  -0.336847E+00   0.000000E+00   0.747975E+06   0.747975E+06   0.747975E+06  -0.183508E-01   0.383529E+06   0.383510E+06   0.258049E-01
   0.264219E+00   0.690987E+06   0.687876E+06  -0.276339E+00  -0.276437E+00   0.000000E+00   0.690469E+06   0.690469E+06   0.690469E+06  -0.169399E-01   0.354043E+06   0.354025E+06   0.222093E-01
   0.280228E+00   0.627991E+06   0.624829E+06  -0.223254E+00  -0.223333E+00   0.000000E+00   0.627464E+06   0.627464E+06   0.627464E+06  -0.153942E-01   0.321737E+06   0.321718E+06   0.226445E-01
   0.297206E+00   0.574836E+06   0.571900E+06  -0.181673E+00  -0.181738E+00   0.000000E+00   0.574347E+06   0.574347E+06   0.574347E+06  -0.140910E-01   0.294501E+06   0.294483E+06   0.196817E-01
   0.315213E+00   0.531985E+06   0.529487E+06  -0.149479E+00  -0.149531E+00   0.000000E+00   0.531569E+06   0.531569E+06   0.531569E+06  -0.130415E-01   0.272566E+06   0.272552E+06   0.151023E-01
   0.334312E+00   0.487607E+06   0.485283E+06  -0.121801E+00  -0.121844E+00   0.000000E+00   0.487220E+06   0.487220E+06   0.487220E+06  -0.119534E-01   0.249826E+06   0.249812E+06   0.135016E-01
   0.354567E+00   0.444348E+06   0.442123E+06  -0.986726E-01  -0.987075E-01   0.000000E+00   0.443977E+06   0.443977E+06   0.443977E+06  -0.108925E-01   0.227653E+06   0.227640E+06   0.124359E-01
   0.376049E+00   0.408429E+06   0.406463E+06  -0.806322E-01  -0.806607E-01   0.000000E+00   0.408102E+06   0.408102E+06   0.408102E+06  -0.100123E-01   0.209257E+06   0.209246E+06   0.101136E-01
   0.398834E+00   0.374070E+06   0.372270E+06  -0.656524E-01  -0.656757E-01   0.000000E+00   0.373770E+06   0.373770E+06   0.373770E+06  -0.917004E-02   0.191653E+06   0.191643E+06   0.877375E-02
   0.422998E+00   0.341309E+06   0.339631E+06  -0.532532E-01  -0.532720E-01   0.000000E+00   0.341029E+06   0.341029E+06   0.341029E+06  -0.836679E-02   0.174865E+06   0.174855E+06   0.777840E-02
   0.448627E+00   0.312698E+06   0.311193E+06  -0.433747E-01  -0.433901E-01   0.000000E+00   0.312448E+06   0.312448E+06   0.312448E+06  -0.766557E-02   0.160210E+06   0.160201E+06   0.650623E-02
   0.475808E+00   0.285436E+06   0.284046E+06  -0.351984E-01  -0.352109E-01   0.000000E+00   0.285204E+06   0.285204E+06   0.285204E+06  -0.699719E-02   0.146241E+06   0.146233E+06   0.570428E-02
   0.504636E+00   0.260741E+06   0.259477E+06  -0.285846E-01  -0.285947E-01   0.000000E+00   0.260531E+06   0.260531E+06   0.260531E+06  -0.639184E-02   0.133589E+06   0.133582E+06   0.487491E-02
   0.535211E+00   0.238022E+06   0.236868E+06  -0.231977E-01  -0.232059E-01   0.000000E+00   0.237830E+06   0.237830E+06   0.237830E+06  -0.583489E-02   0.121949E+06   0.121942E+06   0.420178E-02
   0.567639E+00   0.217127E+06   0.216074E+06  -0.188126E-01  -0.188193E-01   0.000000E+00   0.216952E+06   0.216952E+06   0.216952E+06  -0.532268E-02   0.111244E+06   0.111237E+06   0.361307E-02
   0.602031E+00   0.198009E+06   0.197049E+06  -0.152520E-01  -0.152574E-01   0.000000E+00   0.197849E+06   0.197849E+06   0.197849E+06  -0.485402E-02   0.101449E+06   0.101443E+06   0.310594E-02
   0.638507E+00   0.180471E+06   0.179596E+06  -0.123582E-01  -0.123626E-01   0.000000E+00   0.180325E+06   0.180325E+06   0.180325E+06  -0.442409E-02   0.924631E+05   0.924580E+05   0.266750E-02
   0.891108E+00   0.105830E+06   0.105317E+06  -0.372072E-02  -0.372204E-02   0.000000E+00   0.105744E+06   0.105744E+06   0.105744E+06  -0.259433E-02   0.542212E+05   0.542182E+05   0.112077E-02
   0.124364E+01   0.612801E+05   0.609832E+05  -0.110614E-02  -0.110653E-02   0.000000E+00   0.612306E+05   0.612306E+05   0.612306E+05  -0.150223E-02   0.313965E+05   0.313947E+05   0.465540E-03
   0.173564E+01   0.351010E+05   0.349310E+05  -0.325296E-03  -0.325411E-03   0.000000E+00   0.350727E+05   0.350727E+05   0.350727E+05  -0.860471E-03   0.179838E+05   0.179828E+05   0.191743E-03
   0.242228E+01   0.199194E+05   0.198229E+05  -0.947778E-04  -0.948114E-04   0.000000E+00   0.199033E+05   0.199033E+05   0.199033E+05  -0.488307E-03   0.102056E+05   0.102050E+05   0.785732E-04
   0.338057E+01   0.112133E+05   0.111590E+05  -0.273926E-04  -0.274023E-04   0.000000E+00   0.112042E+05   0.112042E+05   0.112042E+05  -0.274884E-03   0.574505E+04   0.574473E+04   0.321913E-04
   0.471796E+01   0.626827E+04   0.623786E+04  -0.786174E-05  -0.786452E-05   0.000000E+00   0.626320E+04   0.626320E+04   0.626320E+04  -0.153661E-03   0.321150E+04   0.321131E+04   0.132896E-04
   0.658445E+01   0.348255E+04   0.346562E+04  -0.224254E-05  -0.224333E-05   0.000000E+00   0.347973E+04   0.347973E+04   0.347973E+04  -0.853715E-04   0.178426E+04   0.178415E+04   0.559940E-05
   0.918934E+01   0.192444E+04   0.191505E+04  -0.636237E-06  -0.636462E-06   0.000000E+00   0.192288E+04   0.192288E+04   0.192288E+04  -0.471758E-04   0.985971E+03   0.985904E+03   0.245604E-05
   0.128248E+02   0.105836E+04   0.105315E+04  -0.179647E-06  -0.179711E-06   0.000000E+00   0.105750E+04   0.105750E+04   0.105750E+04  -0.259445E-04   0.542240E+03   0.542196E+03   0.115145E-05
   0.178984E+02   0.579572E+03   0.576672E+03  -0.505088E-07  -0.505266E-07   0.000000E+00   0.579089E+03   0.579089E+03   0.579089E+03  -0.142073E-04   0.296934E+03   0.296902E+03   0.592178E-06
   0.249792E+02   0.316152E+03   0.314520E+03  -0.141460E-07  -0.141510E-07   0.000000E+00   0.315880E+03   0.315880E+03   0.315880E+03  -0.774979E-05   0.161972E+03   0.161946E+03   0.338301E-06
   0.348613E+02   0.171843E+03   0.170902E+03  -0.394776E-08  -0.394915E-08   0.000000E+00   0.171686E+03   0.171686E+03   0.171686E+03  -0.421213E-05   0.880350E+02   0.880128E+02   0.212738E-06
