#          k/h    CDM            baryon         photon         nu             mass_nu        total          no_nu          total_de       Weyl           v_CDM          v_b            v_b-v_c     
   0.103834E-04   0.199484E+08   0.199484E+08   0.265841E+08   0.265837E+08   0.000000E+00   0.199484E+08   0.199484E+08   0.199563E+08  -0.470097E+00   0.103672E+08   0.103672E+08   0.585199E+01
   0.126280E-04   0.199484E+08   0.199484E+08   0.265774E+08   0.265768E+08   0.000000E+00   0.199484E+08   0.199484E+08   0.199563E+08  -0.470097E+00   0.103672E+08   0.103672E+08   0.711655E+01
   0.153578E-04   0.199484E+08   0.199484E+08   0.265676E+08   0.265667E+08   0.000000E+00   0.199484E+08   0.199484E+08   0.199562E+08  -0.470096E+00   0.103672E+08   0.103672E+08   0.865410E+01
   0.186776E-04   0.199484E+08   0.199484E+08   0.265531E+08   0.265518E+08   0.000000E+00   0.199484E+08   0.199484E+08   0.199562E+08  -0.470095E+00   0.103672E+08   0.103672E+08   0.105234E+02
   0.227151E-04   0.199483E+08   0.199483E+08   0.265316E+08   0.265296E+08   0.000000E+00   0.199483E+08   0.199483E+08   0.199562E+08  -0.470094E+00   0.103672E+08   0.103672E+08   0.127955E+02
   0.276254E-04   0.199483E+08   0.199483E+08   0.264998E+08   0.264970E+08   0.000000E+00   0.199483E+08   0.199483E+08   0.199561E+08  -0.470092E+00   0.103671E+08   0.103671E+08   0.155568E+02
   0.335971E-04   0.199482E+08   0.199482E+08   0.264530E+08   0.264487E+08   0.000000E+00   0.199482E+08   0.199482E+08   0.199560E+08  -0.470089E+00   0.103671E+08   0.103671E+08   0.189111E+02
   0.408598E-04   0.199480E+08   0.199480E+08   0.263838E+08   0.263775E+08   0.000000E+00   0.199480E+08   0.199480E+08   0.199558E+08  -0.470085E+00   0.103670E+08   0.103670E+08   0.229837E+02
   0.496923E-04   0.199478E+08   0.199478E+08   0.262817E+08   0.262725E+08   0.000000E+00   0.199478E+08   0.199478E+08   0.199556E+08  -0.470079E+00   0.103669E+08   0.103669E+08   0.279245E+02
   0.604342E-04   0.199475E+08   0.199475E+08   0.261314E+08   0.261178E+08   0.000000E+00   0.199475E+08   0.199475E+08   0.199552E+08  -0.470070E+00   0.103668E+08   0.103667E+08   0.339113E+02
   0.734982E-04   0.199471E+08   0.199471E+08   0.259106E+08   0.258906E+08   0.000000E+00   0.199471E+08   0.199471E+08   0.199547E+08  -0.470057E+00   0.103665E+08   0.103665E+08   0.411529E+02
   0.893861E-04   0.199465E+08   0.199464E+08   0.255872E+08   0.255579E+08   0.000000E+00   0.199464E+08   0.199464E+08   0.199540E+08  -0.470037E+00   0.103662E+08   0.103662E+08   0.498895E+02
   0.108709E-03   0.199455E+08   0.199454E+08   0.251155E+08   0.250729E+08   0.000000E+00   0.199455E+08   0.199455E+08   0.199529E+08  -0.470008E+00   0.103657E+08   0.103656E+08   0.603892E+02
   0.132208E-03   0.199441E+08   0.199440E+08   0.244326E+08   0.243710E+08   0.000000E+00   0.199441E+08   0.199441E+08   0.199513E+08  -0.469966E+00   0.103649E+08   0.103649E+08   0.729354E+02
   0.160787E-03   0.199420E+08   0.199418E+08   0.234539E+08   0.233658E+08   0.000000E+00   0.199420E+08   0.199420E+08   0.199489E+08  -0.469904E+00   0.103638E+08   0.103638E+08   0.877996E+02
   0.195544E-03   0.199389E+08   0.199387E+08   0.220725E+08   0.219485E+08   0.000000E+00   0.199389E+08   0.199389E+08   0.199454E+08  -0.469813E+00   0.103622E+08   0.103621E+08   0.105187E+03
   0.237814E-03   0.199344E+08   0.199341E+08   0.201668E+08   0.199968E+08   0.000000E+00   0.199344E+08   0.199344E+08   0.199403E+08  -0.469681E+00   0.103598E+08   0.103597E+08   0.125138E+03
   0.289222E-03   0.199278E+08   0.199274E+08   0.176270E+08   0.174024E+08   0.000000E+00   0.199278E+08   0.199278E+08   0.199329E+08  -0.469491E+00   0.103563E+08   0.103562E+08   0.147378E+03
   0.351742E-03   0.199183E+08   0.199176E+08   0.144142E+08   0.141343E+08   0.000000E+00   0.199182E+08   0.199182E+08   0.199224E+08  -0.469220E+00   0.103513E+08   0.103511E+08   0.171085E+03
   0.427778E-03   0.199046E+08   0.199036E+08   0.106640E+08   0.103458E+08   0.000000E+00   0.199044E+08   0.199044E+08   0.199075E+08  -0.468838E+00   0.103440E+08   0.103437E+08   0.194633E+03
   0.520250E-03   0.198850E+08   0.198836E+08   0.680631E+07   0.649521E+07   0.000000E+00   0.198847E+08   0.198847E+08   0.198867E+08  -0.468311E+00   0.103336E+08   0.103333E+08   0.215410E+03
   0.632711E-03   0.198574E+08   0.198555E+08   0.357520E+07   0.334440E+07   0.000000E+00   0.198571E+08   0.198571E+08   0.198581E+08  -0.467598E+00   0.103190E+08   0.103186E+08   0.230009E+03
   0.769483E-03   0.198193E+08   0.198168E+08   0.167048E+07   0.158447E+07   0.000000E+00   0.198189E+08   0.198189E+08   0.198194E+08  -0.466647E+00   0.102989E+08   0.102983E+08   0.235085E+03
   0.935821E-03   0.197674E+08   0.197643E+08   0.103771E+07   0.108015E+07   0.000000E+00   0.197669E+08   0.197669E+08   0.197672E+08  -0.465391E+00   0.102715E+08   0.102709E+08   0.228803E+03
   0.113812E-02   0.196979E+08   0.196941E+08   0.703617E+06   0.765332E+06   0.000000E+00   0.196973E+08   0.196973E+08   0.196975E+08  -0.463735E+00   0.102351E+08   0.102344E+08   0.211671E+03
   0.138414E-02   0.196059E+08   0.196016E+08   0.245977E+06   0.278672E+06   0.000000E+00   0.196052E+08   0.196052E+08   0.196053E+08  -0.461556E+00   0.101870E+08   0.101863E+08   0.185769E+03
   0.168335E-02   0.194855E+08   0.194811E+08   0.135348E+06  -0.180507E+06   0.000000E+00   0.194848E+08   0.194848E+08   0.194848E+08  -0.458713E+00   0.101244E+08   0.101236E+08   0.154499E+03
   0.204723E-02   0.193299E+08   0.193255E+08   0.103790E+04  -0.121047E+06   0.000000E+00   0.193292E+08   0.193292E+08   0.193292E+08  -0.455046E+00   0.100434E+08   0.100427E+08   0.123396E+03
   0.248978E-02   0.191309E+08   0.191265E+08   0.859011E+04  -0.809885E+05   0.000000E+00   0.191302E+08   0.191302E+08   0.191302E+08  -0.450358E+00   0.993996E+07   0.993923E+07   0.977374E+02
   0.302799E-02   0.188794E+08   0.188746E+08   0.727653E+03  -0.540323E+05   0.000000E+00   0.188786E+08   0.188786E+08   0.188786E+08  -0.444433E+00   0.980917E+07   0.980845E+07   0.794614E+02
   0.368254E-02   0.185652E+08   0.185600E+08  -0.223780E+05  -0.359215E+05   0.000000E+00   0.185644E+08   0.185644E+08   0.185644E+08  -0.437034E+00   0.964586E+07   0.964513E+07   0.655302E+02
   0.447859E-02   0.181778E+08   0.181720E+08  -0.140167E+05  -0.237790E+05   0.000000E+00   0.181769E+08   0.181769E+08   0.181769E+08  -0.427912E+00   0.944451E+07   0.944380E+07   0.530733E+02
   0.544671E-02   0.177062E+08   0.176994E+08  -0.147080E+05  -0.156594E+05   0.000000E+00   0.177051E+08   0.177051E+08   0.177051E+08  -0.416804E+00   0.919935E+07   0.919864E+07   0.432327E+02
   0.662412E-02   0.171389E+08   0.171308E+08  -0.985210E+04  -0.102479E+05   0.000000E+00   0.171376E+08   0.171376E+08   0.171376E+08  -0.403445E+00   0.890450E+07   0.890380E+07   0.352248E+02
   0.805604E-02   0.164648E+08   0.164548E+08  -0.761315E+04  -0.665591E+04   0.000000E+00   0.164632E+08   0.164632E+08   0.164632E+08  -0.387568E+00   0.855407E+07   0.855338E+07   0.285811E+02
   0.979750E-02   0.156743E+08   0.156616E+08   0.123528E+04  -0.428390E+04   0.000000E+00   0.156723E+08   0.156723E+08   0.156723E+08  -0.368950E+00   0.814315E+07   0.814246E+07   0.232746E+02
   0.119154E-01   0.147533E+08   0.147369E+08  -0.272445E+04  -0.272604E+04   0.000000E+00   0.147507E+08   0.147507E+08   0.147507E+08  -0.347253E+00   0.766429E+07   0.766361E+07   0.190626E+02
   0.144911E-01   0.136994E+08   0.136781E+08   0.388700E+03  -0.171132E+04   0.000000E+00   0.136961E+08   0.136961E+08   0.136961E+08  -0.322426E+00   0.711632E+07   0.711564E+07   0.157178E+02
   0.176237E-01   0.124989E+08   0.124714E+08  -0.118948E+04  -0.105554E+04   0.000000E+00   0.124946E+08   0.124946E+08   0.124946E+08  -0.294141E+00   0.649206E+07   0.649137E+07   0.130227E+02
   0.214333E-01   0.111652E+08   0.111304E+08  -0.102020E+03  -0.637419E+03   0.000000E+00   0.111597E+08   0.111597E+08   0.111597E+08  -0.262715E+00   0.579846E+07   0.579777E+07   0.108036E+02
   0.257200E-01   0.982289E+07   0.978150E+07  -0.270151E+02  -0.389378E+03   0.000000E+00   0.981638E+07   0.981638E+07   0.981638E+07  -0.231092E+00   0.510050E+07   0.509981E+07   0.898199E+01
   0.300067E-01   0.865423E+07   0.860850E+07  -0.108679E+03  -0.252001E+03   0.000000E+00   0.864705E+07   0.864705E+07   0.864705E+07  -0.203564E+00   0.449294E+07   0.449226E+07   0.751872E+01
   0.342933E-01   0.766115E+07   0.761381E+07  -0.215624E+02  -0.170777E+03   0.000000E+00   0.765371E+07   0.765371E+07   0.765371E+07  -0.180179E+00   0.397681E+07   0.397617E+07   0.625486E+01
   0.385800E-01   0.683869E+07   0.679249E+07  -0.197323E+02  -0.120439E+03   0.000000E+00   0.683143E+07   0.683143E+07   0.683143E+07  -0.160822E+00   0.354957E+07   0.354897E+07   0.512983E+01
   0.428666E-01   0.617332E+07   0.613058E+07  -0.240600E+02  -0.880613E+02   0.000000E+00   0.616660E+07   0.616660E+07   0.616660E+07  -0.145171E+00   0.320412E+07   0.320359E+07   0.413257E+01
   0.471533E-01   0.564190E+07   0.560428E+07   0.914410E+02  -0.665149E+02   0.000000E+00   0.563599E+07   0.563599E+07   0.563599E+07  -0.132679E+00   0.292842E+07   0.292796E+07   0.326970E+01
   0.514400E-01   0.522399E+07   0.519228E+07   0.711533E+02  -0.517550E+02   0.000000E+00   0.521901E+07   0.521901E+07   0.521901E+07  -0.122863E+00   0.271175E+07   0.271136E+07   0.255140E+01
   0.557266E-01   0.488411E+07   0.485828E+07   0.566922E+02  -0.412340E+02   0.000000E+00   0.488005E+07   0.488005E+07   0.488005E+07  -0.114883E+00   0.253563E+07   0.253530E+07   0.198032E+01
   0.600133E-01   0.459781E+07   0.457711E+07   0.460244E+02  -0.334732E+02   0.000000E+00   0.459456E+07   0.459456E+07   0.459456E+07  -0.108163E+00   0.238728E+07   0.238701E+07   0.155212E+01
   0.643000E-01   0.434129E+07   0.432448E+07   0.378602E+02  -0.275344E+02   0.000000E+00   0.433865E+07   0.433865E+07   0.433865E+07  -0.102138E+00   0.225431E+07   0.225407E+07   0.125217E+01
   0.685866E-01   0.409834E+07   0.408398E+07   0.314155E+02  -0.228470E+02   0.000000E+00   0.409608E+07   0.409608E+07   0.409608E+07  -0.964276E-01   0.212828E+07   0.212806E+07   0.105890E+01
   0.728733E-01   0.385921E+07   0.384590E+07   0.262048E+02  -0.190575E+02   0.000000E+00   0.385712E+07   0.385712E+07   0.385712E+07  -0.908022E-01   0.200412E+07   0.200391E+07   0.946454E+00
   0.771600E-01   0.362126E+07   0.360784E+07   0.219316E+02  -0.159502E+02   0.000000E+00   0.361915E+07   0.361915E+07   0.361915E+07  -0.851999E-01   0.188047E+07   0.188026E+07   0.888048E+00
   0.814466E-01   0.338657E+07   0.337231E+07   0.184062E+02  -0.133868E+02   0.000000E+00   0.338433E+07   0.338433E+07   0.338433E+07  -0.796720E-01   0.175846E+07   0.175825E+07   0.858939E+00
   0.857333E-01   0.316082E+07   0.314541E+07   0.155021E+02  -0.112752E+02   0.000000E+00   0.315840E+07   0.315840E+07   0.315840E+07  -0.743533E-01   0.164107E+07   0.164086E+07   0.838902E+00
   0.900200E-01   0.295005E+07   0.293361E+07   0.131215E+02  -0.954412E+01   0.000000E+00   0.294747E+07   0.294747E+07   0.294747E+07  -0.693877E-01   0.153148E+07   0.153126E+07   0.813577E+00
   0.953844E-01   0.271564E+07   0.269854E+07   0.107569E+02  -0.782454E+01   0.000000E+00   0.271295E+07   0.271295E+07   0.271295E+07  -0.638667E-01   0.140963E+07   0.140941E+07   0.762789E+00
   0.100749E+00   0.252070E+07   0.250396E+07   0.894918E+01  -0.650973E+01   0.000000E+00   0.251807E+07   0.251807E+07   0.251807E+07  -0.592790E-01   0.130837E+07   0.130816E+07   0.688471E+00
   0.106113E+00   0.236637E+07   0.235095E+07   0.757352E+01  -0.550897E+01   0.000000E+00   0.236395E+07   0.236395E+07   0.236395E+07  -0.556507E-01   0.122829E+07   0.122810E+07   0.597591E+00
   0.111478E+00   0.224592E+07   0.223249E+07   0.651361E+01  -0.473779E+01   0.000000E+00   0.224381E+07   0.224381E+07   0.224381E+07  -0.528225E-01   0.116586E+07   0.116570E+07   0.502125E+00
   0.116842E+00   0.214791E+07   0.213668E+07   0.567134E+01  -0.412494E+01   0.000000E+00   0.214614E+07   0.214614E+07   0.214614E+07  -0.505232E-01   0.111511E+07   0.111497E+07   0.414410E+00
   0.122206E+00   0.206071E+07   0.205144E+07   0.497464E+01  -0.361803E+01   0.000000E+00   0.205926E+07   0.205926E+07   0.205926E+07  -0.484779E-01   0.106997E+07   0.106984E+07   0.343699E+00
   0.127571E+00   0.197515E+07   0.196726E+07   0.437594E+01  -0.318250E+01   0.000000E+00   0.197391E+07   0.197391E+07   0.197391E+07  -0.464686E-01   0.102562E+07   0.102551E+07   0.294256E+00
   0.132935E+00   0.188554E+07   0.187834E+07   0.384720E+01  -0.279794E+01   0.000000E+00   0.188441E+07   0.188441E+07   0.188441E+07  -0.443617E-01   0.979116E+06   0.979011E+06   0.265191E+00
   0.138300E+00   0.179057E+07   0.178341E+07   0.337536E+01  -0.245483E+01   0.000000E+00   0.178944E+07   0.178944E+07   0.178944E+07  -0.421261E-01   0.929774E+06   0.929670E+06   0.251721E+00
   0.143664E+00   0.169275E+07   0.168521E+07   0.295684E+01  -0.215052E+01   0.000000E+00   0.169156E+07   0.169156E+07   0.169156E+07  -0.398218E-01   0.878918E+06   0.878812E+06   0.247133E+00
   0.149028E+00   0.159657E+07   0.158851E+07   0.259137E+01  -0.188480E+01   0.000000E+00   0.159531E+07   0.159531E+07   0.159531E+07  -0.375558E-01   0.828906E+06   0.828797E+06   0.244749E+00
   0.154393E+00   0.150687E+07   0.149839E+07   0.227851E+01  -0.165730E+01   0.000000E+00   0.150554E+07   0.150554E+07   0.150554E+07  -0.354425E-01   0.782264E+06   0.782153E+06   0.239473E+00
   0.159757E+00   0.142778E+07   0.141918E+07   0.201621E+01  -0.146655E+01   0.000000E+00   0.142643E+07   0.142643E+07   0.142643E+07  -0.335802E-01   0.741161E+06   0.741051E+06   0.228654E+00
   0.165121E+00   0.136159E+07   0.135325E+07   0.179981E+01  -0.130914E+01   0.000000E+00   0.136028E+07   0.136028E+07   0.136028E+07  -0.320229E-01   0.706789E+06   0.706684E+06   0.212130E+00
   0.170486E+00   0.130773E+07   0.129997E+07   0.162161E+01  -0.117951E+01   0.000000E+00   0.130651E+07   0.130651E+07   0.130651E+07  -0.307571E-01   0.678852E+06   0.678754E+06   0.191624E+00
   0.175850E+00   0.126326E+07   0.125628E+07   0.147248E+01  -0.107100E+01   0.000000E+00   0.126217E+07   0.126217E+07   0.126217E+07  -0.297132E-01   0.655810E+06   0.655720E+06   0.169840E+00
   0.181215E+00   0.122441E+07   0.121824E+07   0.134407E+01  -0.977577E+00   0.000000E+00   0.122344E+07   0.122344E+07   0.122344E+07  -0.288015E-01   0.635687E+06   0.635606E+06   0.149552E+00
   0.186579E+00   0.118766E+07   0.118219E+07   0.122995E+01  -0.894546E+00   0.000000E+00   0.118680E+07   0.118680E+07   0.118680E+07  -0.279390E-01   0.616649E+06   0.616575E+06   0.132862E+00
   0.191943E+00   0.115021E+07   0.114523E+07   0.112557E+01  -0.818621E+00   0.000000E+00   0.114943E+07   0.114943E+07   0.114943E+07  -0.270592E-01   0.597230E+06   0.597160E+06   0.120771E+00
   0.197308E+00   0.111042E+07   0.110567E+07   0.102836E+01  -0.747916E+00   0.000000E+00   0.110967E+07   0.110967E+07   0.110967E+07  -0.261232E-01   0.576572E+06   0.576506E+06   0.113127E+00
   0.202672E+00   0.106824E+07   0.106352E+07   0.937598E+00  -0.681914E+00   0.000000E+00   0.106750E+07   0.106750E+07   0.106750E+07  -0.251305E-01   0.554663E+06   0.554596E+06   0.108895E+00
   0.208037E+00   0.102503E+07   0.102019E+07   0.853816E+00  -0.620993E+00   0.000000E+00   0.102427E+07   0.102427E+07   0.102427E+07  -0.241127E-01   0.532199E+06   0.532133E+06   0.106577E+00
   0.213401E+00   0.982680E+06   0.977689E+06   0.777850E+00  -0.565756E+00   0.000000E+00   0.981896E+06   0.981896E+06   0.981896E+06  -0.231152E-01   0.510183E+06   0.510116E+06   0.104662E+00
   0.218765E+00   0.943004E+06   0.937912E+06   0.710241E+00  -0.516592E+00   0.000000E+00   0.942204E+06   0.942204E+06   0.942204E+06  -0.221808E-01   0.489560E+06   0.489494E+06   0.101985E+00
   0.224130E+00   0.907320E+06   0.902238E+06   0.651019E+00  -0.473523E+00   0.000000E+00   0.906522E+06   0.906522E+06   0.906522E+06  -0.213408E-01   0.471021E+06   0.470955E+06   0.979308E-01
   0.229494E+00   0.876213E+06   0.871270E+06   0.599647E+00  -0.436157E+00   0.000000E+00   0.875436E+06   0.875436E+06   0.875436E+06  -0.206090E-01   0.454869E+06   0.454805E+06   0.924644E-01
   0.234859E+00   0.849433E+06   0.844741E+06   0.555081E+00  -0.403738E+00   0.000000E+00   0.848696E+06   0.848696E+06   0.848696E+06  -0.199795E-01   0.440975E+06   0.440914E+06   0.860110E-01
   0.240223E+00   0.826070E+06   0.821695E+06   0.515998E+00  -0.375305E+00   0.000000E+00   0.825383E+06   0.825383E+06   0.825383E+06  -0.194307E-01   0.428861E+06   0.428804E+06   0.792471E-01
   0.245587E+00   0.804854E+06   0.800804E+06   0.481048E+00  -0.349878E+00   0.000000E+00   0.804217E+06   0.804217E+06   0.804217E+06  -0.189324E-01   0.417863E+06   0.417810E+06   0.728718E-01
   0.250952E+00   0.784452E+06   0.780686E+06   0.449044E+00  -0.326596E+00   0.000000E+00   0.783860E+06   0.783860E+06   0.783860E+06  -0.184532E-01   0.407286E+06   0.407235E+06   0.674201E-01
   0.256316E+00   0.763804E+06   0.760246E+06   0.419126E+00  -0.304834E+00   0.000000E+00   0.763245E+06   0.763245E+06   0.763245E+06  -0.179679E-01   0.396574E+06   0.396526E+06   0.631580E-01
   0.261681E+00   0.742407E+06   0.738970E+06   0.390856E+00  -0.284272E+00   0.000000E+00   0.741867E+06   0.741867E+06   0.741867E+06  -0.174646E-01   0.385466E+06   0.385419E+06   0.600690E-01
   0.267045E+00   0.720361E+06   0.716970E+06   0.364160E+00  -0.264858E+00   0.000000E+00   0.719828E+06   0.719828E+06   0.719828E+06  -0.169458E-01   0.374015E+06   0.373969E+06   0.579093E-01
   0.272409E+00   0.698140E+06   0.694745E+06   0.339153E+00  -0.246673E+00   0.000000E+00   0.697607E+06   0.697607E+06   0.697607E+06  -0.164227E-01   0.362470E+06   0.362424E+06   0.563039E-01
   0.277774E+00   0.676348E+06   0.672935E+06   0.315987E+00  -0.229826E+00   0.000000E+00   0.675812E+06   0.675812E+06   0.675812E+06  -0.159096E-01   0.351145E+06   0.351100E+06   0.548604E-01
   0.283138E+00   0.655599E+06   0.652184E+06   0.294787E+00  -0.214409E+00   0.000000E+00   0.655063E+06   0.655063E+06   0.655063E+06  -0.154211E-01   0.340364E+06   0.340319E+06   0.532673E-01
   0.288503E+00   0.636406E+06   0.633025E+06   0.275609E+00  -0.200462E+00   0.000000E+00   0.635875E+06   0.635875E+06   0.635875E+06  -0.149694E-01   0.330395E+06   0.330350E+06   0.513526E-01
   0.293867E+00   0.619018E+06   0.615715E+06   0.258379E+00  -0.187930E+00   0.000000E+00   0.618499E+06   0.618499E+06   0.618499E+06  -0.145604E-01   0.321366E+06   0.321323E+06   0.490936E-01
   0.299231E+00   0.603339E+06   0.600152E+06   0.242889E+00  -0.176663E+00   0.000000E+00   0.602838E+06   0.602838E+06   0.602838E+06  -0.141917E-01   0.313229E+06   0.313187E+06   0.465883E-01
   0.304596E+00   0.589021E+06   0.585973E+06   0.228851E+00  -0.166451E+00   0.000000E+00   0.588542E+06   0.588542E+06   0.588542E+06  -0.138551E-01   0.305801E+06   0.305761E+06   0.440071E-01
   0.309960E+00   0.575624E+06   0.572719E+06   0.215978E+00  -0.157086E+00   0.000000E+00   0.575167E+06   0.575167E+06   0.575167E+06  -0.135403E-01   0.298851E+06   0.298813E+06   0.415357E-01
   0.315325E+00   0.562714E+06   0.559939E+06   0.204016E+00  -0.148385E+00   0.000000E+00   0.562278E+06   0.562278E+06   0.562278E+06  -0.132368E-01   0.292154E+06   0.292117E+06   0.393238E-01
   0.320689E+00   0.549930E+06   0.547258E+06   0.192769E+00  -0.140204E+00   0.000000E+00   0.549510E+06   0.549510E+06   0.549510E+06  -0.129363E-01   0.285520E+06   0.285484E+06   0.374522E-01
   0.326053E+00   0.537057E+06   0.534459E+06   0.182114E+00  -0.132454E+00   0.000000E+00   0.536649E+06   0.536649E+06   0.536649E+06  -0.126335E-01   0.278837E+06   0.278802E+06   0.359261E-01
   0.331418E+00   0.524081E+06   0.521529E+06   0.172006E+00  -0.125103E+00   0.000000E+00   0.523680E+06   0.523680E+06   0.523680E+06  -0.123282E-01   0.272099E+06   0.272064E+06   0.346872E-01
   0.336782E+00   0.511150E+06   0.508625E+06   0.162458E+00  -0.118159E+00   0.000000E+00   0.510753E+06   0.510753E+06   0.510753E+06  -0.120239E-01   0.265382E+06   0.265348E+06   0.336388E-01
   0.342146E+00   0.498482E+06   0.495978E+06   0.153500E+00  -0.111645E+00   0.000000E+00   0.498089E+06   0.498089E+06   0.498089E+06  -0.117257E-01   0.258802E+06   0.258768E+06   0.326745E-01
   0.347511E+00   0.486292E+06   0.483811E+06   0.145157E+00  -0.105577E+00   0.000000E+00   0.485903E+06   0.485903E+06   0.485903E+06  -0.114388E-01   0.252470E+06   0.252437E+06   0.317045E-01
   0.352875E+00   0.474749E+06   0.472302E+06   0.137434E+00  -0.999601E-01   0.000000E+00   0.474364E+06   0.474364E+06   0.474364E+06  -0.111672E-01   0.246475E+06   0.246443E+06   0.306737E-01
   0.358240E+00   0.463939E+06   0.461539E+06   0.130312E+00  -0.947802E-01   0.000000E+00   0.463562E+06   0.463562E+06   0.463562E+06  -0.109129E-01   0.240862E+06   0.240831E+06   0.295677E-01
   0.363604E+00   0.453844E+06   0.451506E+06   0.123743E+00  -0.900025E-01   0.000000E+00   0.453477E+06   0.453477E+06   0.453477E+06  -0.106755E-01   0.235622E+06   0.235591E+06   0.284065E-01
   0.368968E+00   0.444359E+06   0.442090E+06   0.117661E+00  -0.855783E-01   0.000000E+00   0.444003E+06   0.444003E+06   0.444003E+06  -0.104525E-01   0.230700E+06   0.230669E+06   0.272325E-01
   0.374333E+00   0.435337E+06   0.433138E+06   0.111993E+00  -0.814556E-01   0.000000E+00   0.434992E+06   0.434992E+06   0.434992E+06  -0.102403E-01   0.226017E+06   0.225988E+06   0.260954E-01
   0.379697E+00   0.426630E+06   0.424498E+06   0.106675E+00  -0.775872E-01   0.000000E+00   0.426295E+06   0.426295E+06   0.426295E+06  -0.100356E-01   0.221498E+06   0.221470E+06   0.250384E-01
   0.385062E+00   0.418108E+06   0.416034E+06   0.101652E+00  -0.739340E-01   0.000000E+00   0.417782E+06   0.417782E+06   0.417782E+06  -0.983520E-02   0.217076E+06   0.217048E+06   0.240877E-01
   0.390426E+00   0.409681E+06   0.407654E+06   0.968852E-01  -0.704669E-01   0.000000E+00   0.409362E+06   0.409362E+06   0.409362E+06  -0.963697E-02   0.212701E+06   0.212673E+06   0.232485E-01
   0.395790E+00   0.401318E+06   0.399329E+06   0.923521E-01  -0.671699E-01   0.000000E+00   0.401005E+06   0.401005E+06   0.401005E+06  -0.944024E-02   0.208358E+06   0.208332E+06   0.225078E-01
   0.401155E+00   0.393059E+06   0.391100E+06   0.880481E-01  -0.640396E-01   0.000000E+00   0.392751E+06   0.392751E+06   0.392751E+06  -0.924592E-02   0.204070E+06   0.204043E+06   0.218408E-01
   0.406519E+00   0.384978E+06   0.383046E+06   0.839763E-01  -0.610782E-01   0.000000E+00   0.384674E+06   0.384674E+06   0.384674E+06  -0.905578E-02   0.199873E+06   0.199847E+06   0.212180E-01
   0.411884E+00   0.377141E+06   0.375235E+06   0.801373E-01  -0.582862E-01   0.000000E+00   0.376841E+06   0.376841E+06   0.376841E+06  -0.887139E-02   0.195803E+06   0.195778E+06   0.206126E-01
   0.417248E+00   0.369594E+06   0.367717E+06   0.765270E-01  -0.556604E-01   0.000000E+00   0.369299E+06   0.369299E+06   0.369299E+06  -0.869383E-02   0.191884E+06   0.191859E+06   0.200059E-01
   0.422612E+00   0.362370E+06   0.360525E+06   0.731383E-01  -0.531957E-01   0.000000E+00   0.362080E+06   0.362080E+06   0.362080E+06  -0.852389E-02   0.188133E+06   0.188109E+06   0.193901E-01
   0.427977E+00   0.355481E+06   0.353673E+06   0.699606E-01  -0.508845E-01   0.000000E+00   0.355197E+06   0.355197E+06   0.355197E+06  -0.836185E-02   0.184557E+06   0.184533E+06   0.187682E-01
   0.433341E+00   0.348902E+06   0.347133E+06   0.669764E-01  -0.487139E-01   0.000000E+00   0.348624E+06   0.348624E+06   0.348624E+06  -0.820710E-02   0.181141E+06   0.181118E+06   0.181501E-01
   0.438706E+00   0.342573E+06   0.340844E+06   0.641634E-01  -0.466679E-01   0.000000E+00   0.342301E+06   0.342301E+06   0.342301E+06  -0.805826E-02   0.177856E+06   0.177833E+06   0.175483E-01
   0.444070E+00   0.336436E+06   0.334746E+06   0.615010E-01  -0.447314E-01   0.000000E+00   0.336170E+06   0.336170E+06   0.336170E+06  -0.791393E-02   0.174671E+06   0.174648E+06   0.169750E-01
   0.449434E+00   0.330452E+06   0.328798E+06   0.589740E-01  -0.428933E-01   0.000000E+00   0.330192E+06   0.330192E+06   0.330192E+06  -0.777320E-02   0.171565E+06   0.171543E+06   0.164388E-01
   0.454799E+00   0.324595E+06   0.322973E+06   0.565703E-01  -0.411450E-01   0.000000E+00   0.324340E+06   0.324340E+06   0.324340E+06  -0.763543E-02   0.168524E+06   0.168502E+06   0.159428E-01
   0.460163E+00   0.318839E+06   0.317246E+06   0.542792E-01  -0.394787E-01   0.000000E+00   0.318589E+06   0.318589E+06   0.318589E+06  -0.750004E-02   0.165536E+06   0.165514E+06   0.154844E-01
   0.465528E+00   0.313179E+06   0.311611E+06   0.520938E-01  -0.378892E-01   0.000000E+00   0.312932E+06   0.312932E+06   0.312932E+06  -0.736688E-02   0.162597E+06   0.162576E+06   0.150571E-01
   0.470892E+00   0.307634E+06   0.306090E+06   0.500120E-01  -0.363751E-01   0.000000E+00   0.307391E+06   0.307391E+06   0.307391E+06  -0.723643E-02   0.159717E+06   0.159697E+06   0.146527E-01
   0.476256E+00   0.302234E+06   0.300712E+06   0.480334E-01  -0.349360E-01   0.000000E+00   0.301995E+06   0.301995E+06   0.301995E+06  -0.710938E-02   0.156913E+06   0.156893E+06   0.142634E-01
   0.481621E+00   0.296995E+06   0.295496E+06   0.461550E-01  -0.335699E-01   0.000000E+00   0.296759E+06   0.296759E+06   0.296759E+06  -0.698614E-02   0.154193E+06   0.154173E+06   0.138829E-01
   0.486985E+00   0.291920E+06   0.290445E+06   0.443723E-01  -0.322733E-01   0.000000E+00   0.291688E+06   0.291688E+06   0.291688E+06  -0.686676E-02   0.151558E+06   0.151539E+06   0.135074E-01
   0.492350E+00   0.287011E+06   0.285561E+06   0.426807E-01  -0.310429E-01   0.000000E+00   0.286783E+06   0.286783E+06   0.286783E+06  -0.675129E-02   0.149010E+06   0.148990E+06   0.131364E-01
   0.497714E+00   0.282267E+06   0.280842E+06   0.410754E-01  -0.298753E-01   0.000000E+00   0.282044E+06   0.282044E+06   0.282044E+06  -0.663971E-02   0.146547E+06   0.146528E+06   0.127718E-01
   0.503078E+00   0.277675E+06   0.276276E+06   0.395500E-01  -0.287659E-01   0.000000E+00   0.277455E+06   0.277455E+06   0.277455E+06  -0.653169E-02   0.144163E+06   0.144144E+06   0.124168E-01
   0.508443E+00   0.273210E+06   0.271835E+06   0.380973E-01  -0.277092E-01   0.000000E+00   0.272994E+06   0.272994E+06   0.272994E+06  -0.642666E-02   0.141845E+06   0.141826E+06   0.120744E-01
   0.513807E+00   0.268851E+06   0.267501E+06   0.367109E-01  -0.267008E-01   0.000000E+00   0.268639E+06   0.268639E+06   0.268639E+06  -0.632415E-02   0.139582E+06   0.139564E+06   0.117471E-01
   0.519172E+00   0.264590E+06   0.263263E+06   0.353863E-01  -0.257374E-01   0.000000E+00   0.264382E+06   0.264382E+06   0.264382E+06  -0.622393E-02   0.137370E+06   0.137352E+06   0.114362E-01
   0.533455E+00   0.253669E+06   0.252395E+06   0.321333E-01  -0.233714E-01   0.000000E+00   0.253469E+06   0.253469E+06   0.253469E+06  -0.596702E-02   0.131700E+06   0.131683E+06   0.106832E-01
   0.554790E+00   0.238555E+06   0.237353E+06   0.279391E-01  -0.203209E-01   0.000000E+00   0.238366E+06   0.238366E+06   0.238366E+06  -0.561147E-02   0.123853E+06   0.123836E+06   0.968701E-02
   0.576979E+00   0.224410E+06   0.223282E+06   0.242999E-01  -0.176740E-01   0.000000E+00   0.224233E+06   0.224233E+06   0.224233E+06  -0.527876E-02   0.116509E+06   0.116494E+06   0.875504E-02
   0.600055E+00   0.211037E+06   0.209976E+06   0.211280E-01  -0.153670E-01   0.000000E+00   0.210870E+06   0.210870E+06   0.210870E+06  -0.496418E-02   0.109566E+06   0.109552E+06   0.792114E-02
   0.624054E+00   0.198377E+06   0.197379E+06   0.183623E-01  -0.133555E-01   0.000000E+00   0.198220E+06   0.198220E+06   0.198220E+06  -0.466638E-02   0.102993E+06   0.102980E+06   0.717084E-02
   0.649013E+00   0.186478E+06   0.185541E+06   0.159589E-01  -0.116074E-01   0.000000E+00   0.186331E+06   0.186331E+06   0.186331E+06  -0.438650E-02   0.968158E+05   0.968031E+05   0.648292E-02
   0.810519E+00   0.130794E+06   0.130136E+06   0.717699E-02  -0.522004E-02   0.000000E+00   0.130690E+06   0.130690E+06   0.130690E+06  -0.307664E-02   0.679055E+05   0.678966E+05   0.366504E-02
   0.101222E+01   0.911994E+05   0.907410E+05   0.320868E-02  -0.233378E-02   0.000000E+00   0.911274E+05   0.911274E+05   0.911274E+05  -0.214527E-02   0.473489E+05   0.473426E+05   0.206739E-02
   0.126410E+01   0.632550E+05   0.629370E+05   0.142694E-02  -0.103787E-02   0.000000E+00   0.632050E+05   0.632050E+05   0.632050E+05  -0.148794E-02   0.328407E+05   0.328363E+05   0.116675E-02
   0.157868E+01   0.436639E+05   0.434443E+05   0.631556E-03  -0.459358E-03   0.000000E+00   0.436294E+05   0.436294E+05   0.436294E+05  -0.102710E-02   0.226694E+05   0.226663E+05   0.661035E-03
   0.197153E+01   0.300105E+05   0.298594E+05   0.278316E-03  -0.202434E-03   0.000000E+00   0.299868E+05   0.299868E+05   0.299868E+05  -0.705932E-03   0.155809E+05   0.155786E+05   0.377705E-03
   0.246214E+01   0.205459E+05   0.204423E+05   0.122169E-03  -0.888623E-04   0.000000E+00   0.205296E+05   0.205296E+05   0.205296E+05  -0.483297E-03   0.106670E+05   0.106654E+05   0.218972E-03
   0.307484E+01   0.140163E+05   0.139454E+05   0.534364E-04  -0.388694E-04   0.000000E+00   0.140051E+05   0.140051E+05   0.140051E+05  -0.329701E-03   0.727695E+04   0.727575E+04   0.129776E-03
   0.384001E+01   0.953091E+04   0.948250E+04   0.232970E-04  -0.169470E-04   0.000000E+00   0.952330E+04   0.952330E+04   0.952330E+04  -0.224192E-03   0.494823E+04   0.494732E+04   0.792962E-04
   0.479559E+01   0.646176E+04   0.642872E+04   0.101267E-04  -0.736711E-05   0.000000E+00   0.645657E+04   0.645657E+04   0.645657E+04  -0.151997E-03   0.335479E+04   0.335407E+04   0.503614E-04
   0.598897E+01   0.436911E+04   0.434653E+04   0.438975E-05  -0.319396E-05   0.000000E+00   0.436556E+04   0.436556E+04   0.436556E+04  -0.102772E-03   0.226832E+04   0.226772E+04   0.334423E-04
   0.747932E+01   0.294682E+04   0.293135E+04   0.189805E-05  -0.138129E-05   0.000000E+00   0.294439E+04   0.294439E+04   0.294439E+04  -0.693152E-04   0.152990E+04   0.152938E+04   0.232631E-04
   0.934054E+01   0.198299E+04   0.197232E+04   0.818728E-06  -0.596015E-06   0.000000E+00   0.198132E+04   0.198132E+04   0.198132E+04  -0.466430E-04   0.102950E+04   0.102902E+04   0.169061E-04
   0.116649E+02   0.133159E+04   0.132414E+04   0.352360E-06  -0.256639E-06   0.000000E+00   0.133042E+04   0.133042E+04   0.133042E+04  -0.313199E-04   0.691297E+03   0.690851E+03   0.127552E-04
   0.145677E+02   0.892408E+03   0.887132E+03   0.151314E-06  -0.110295E-06   0.000000E+00   0.891579E+03   0.891579E+03   0.891579E+03  -0.209890E-04   0.463283E+03   0.462850E+03   0.991102E-05
   0.181929E+02   0.596980E+03   0.593151E+03   0.648361E-07  -0.473176E-07   0.000000E+00   0.596379E+03   0.596379E+03   0.596379E+03  -0.140396E-04   0.309901E+03   0.309471E+03   0.786871E-05
   0.227202E+02   0.398663E+03   0.395794E+03   0.277177E-07  -0.202670E-07   0.000000E+00   0.398212E+03   0.398212E+03   0.398212E+03  -0.937449E-05   0.206937E+03   0.206505E+03   0.634031E-05
   0.283740E+02   0.265789E+03   0.263553E+03   0.118195E-07  -0.866805E-08   0.000000E+00   0.265438E+03   0.265438E+03   0.265438E+03  -0.624879E-05   0.137949E+03   0.137511E+03   0.515764E-05
   0.354349E+02   0.176920E+03   0.175096E+03   0.502514E-08  -0.370240E-08   0.000000E+00   0.176633E+03   0.176633E+03   0.176633E+03  -0.415820E-05   0.918086E+02   0.913604E+02   0.421911E-05
