#           k/h    P           
    0.10000E-03    0.38099E+03
    0.10202E-03    0.38869E+03
    0.10408E-03    0.39653E+03
    0.10618E-03    0.40454E+03
    0.10833E-03    0.41271E+03
    0.11052E-03    0.42104E+03
    0.11275E-03    0.42954E+03
    0.11503E-03    0.43821E+03
    0.11735E-03    0.44706E+03
    0.11972E-03    0.45608E+03
    0.12214E-03    0.46529E+03
    0.12461E-03    0.47468E+03
    0.12712E-03    0.48426E+03
    0.12969E-03    0.49404E+03
    0.13231E-03    0.50401E+03
    0.13499E-03    0.51418E+03
    0.13771E-03    0.52456E+03
    0.14049E-03    0.53514E+03
    0.14333E-03    0.54594E+03
    0.14623E-03    0.55696E+03
    0.14918E-03    0.56820E+03
    0.15220E-03    0.57966E+03
    0.15527E-03    0.59136E+03
    0.15841E-03    0.60329E+03
    0.16161E-03    0.61546E+03
    0.16487E-03    0.62788E+03
    0.16820E-03    0.64055E+03
    0.17160E-03    0.65347E+03
    0.17507E-03    0.66665E+03
    0.17860E-03    0.68009E+03
    0.18221E-03    0.69381E+03
    0.18589E-03    0.70780E+03
    0.18965E-03    0.72207E+03
    0.19348E-03    0.73663E+03
    0.19739E-03    0.75149E+03
    0.20138E-03    0.76664E+03
    0.20544E-03    0.78209E+03
    0.20959E-03    0.79786E+03
    0.21383E-03    0.81394E+03
    0.21815E-03    0.83034E+03
    0.22255E-03    0.84708E+03
    0.22705E-03    0.86415E+03
    0.23164E-03    0.88156E+03
    0.23632E-03    0.89932E+03
    0.24109E-03    0.91743E+03
    0.24596E-03    0.93591E+03
    0.25093E-03    0.95476E+03
    0.25600E-03    0.97399E+03
    0.26117E-03    0.99360E+03
    0.26645E-03    0.10136E+04
    0.27183E-03    0.10340E+04
    0.27732E-03    0.10548E+04
    0.28292E-03    0.10760E+04
    0.28864E-03    0.10977E+04
    0.29447E-03    0.11198E+04
    0.30042E-03    0.11423E+04
    0.30649E-03    0.11653E+04
    0.31268E-03    0.11887E+04
    0.31899E-03    0.12126E+04
    0.32544E-03    0.12370E+04
    0.33201E-03    0.12618E+04
    0.33872E-03    0.12872E+04
    0.34556E-03    0.13130E+04
    0.35254E-03    0.13394E+04
    0.35966E-03    0.13663E+04
    0.36693E-03    0.13937E+04
    0.37434E-03    0.14217E+04
    0.38190E-03    0.14502E+04
    0.38962E-03    0.14793E+04
    0.39749E-03    0.15090E+04
    0.40552E-03    0.15392E+04
    0.41371E-03    0.15701E+04
    0.42207E-03    0.16015E+04
    0.43060E-03    0.16336E+04
    0.43929E-03    0.16663E+04
    0.44817E-03    0.16997E+04
    0.45722E-03    0.17337E+04
    0.46646E-03    0.17684E+04
    0.47588E-03    0.18037E+04
    0.48550E-03    0.18398E+04
    0.49530E-03    0.18766E+04
    0.50531E-03    0.19140E+04
    0.51552E-03    0.19523E+04
    0.52593E-03    0.19912E+04
    0.53656E-03    0.20309E+04
    0.54739E-03    0.20714E+04
    0.55845E-03    0.21127E+04
    0.56973E-03    0.21548E+04
    0.58124E-03    0.21977E+04
    0.59299E-03    0.22415E+04
    0.60496E-03    0.22860E+04
    0.61719E-03    0.23315E+04
    0.62965E-03    0.23778E+04
    0.64237E-03    0.24250E+04
    0.65535E-03    0.24732E+04
    0.66859E-03    0.25222E+04
    0.68210E-03    0.25722E+04
    0.69588E-03    0.26232E+04
    0.70993E-03    0.26751E+04
    0.72427E-03    0.27280E+04
    0.73891E-03    0.27819E+04
    0.75383E-03    0.28369E+04
    0.76906E-03    0.28929E+04
    0.78460E-03    0.29500E+04
    0.80045E-03    0.30081E+04
    0.81662E-03    0.30674E+04
    0.83311E-03    0.31277E+04
    0.84994E-03    0.31892E+04
    0.86711E-03    0.32519E+04
    0.88463E-03    0.33157E+04
    0.90250E-03    0.33807E+04
    0.92073E-03    0.34470E+04
    0.93933E-03    0.35144E+04
    0.95831E-03    0.35831E+04
    0.97767E-03    0.36531E+04
    0.99742E-03    0.37244E+04
    0.10176E-02    0.37970E+04
    0.10381E-02    0.38710E+04
    0.10591E-02    0.39463E+04
    0.10805E-02    0.40229E+04
    0.11023E-02    0.41010E+04
    0.11246E-02    0.41805E+04
    0.11473E-02    0.42614E+04
    0.11705E-02    0.43438E+04
    0.11941E-02    0.44277E+04
    0.12182E-02    0.45130E+04
    0.12429E-02    0.45999E+04
    0.12680E-02    0.46884E+04
    0.12936E-02    0.47784E+04
    0.13197E-02    0.48700E+04
    0.13464E-02    0.49632E+04
    0.13736E-02    0.50580E+04
    0.14013E-02    0.51546E+04
    0.14296E-02    0.52527E+04
    0.14585E-02    0.53526E+04
    0.14880E-02    0.54542E+04
    0.15180E-02    0.55576E+04
    0.15487E-02    0.56627E+04
    0.15800E-02    0.57696E+04
    0.16119E-02    0.58783E+04
    0.16445E-02    0.59888E+04
    0.16777E-02    0.61012E+04
    0.17116E-02    0.62155E+04
    0.17462E-02    0.63316E+04
    0.17814E-02    0.64497E+04
    0.18174E-02    0.65696E+04
    0.18541E-02    0.66916E+04
    0.18916E-02    0.68155E+04
    0.19298E-02    0.69414E+04
    0.19688E-02    0.70692E+04
    0.20086E-02    0.71991E+04
    0.20491E-02    0.73311E+04
    0.20905E-02    0.74651E+04
    0.21328E-02    0.76012E+04
    0.21758E-02    0.77393E+04
    0.22198E-02    0.78796E+04
    0.22646E-02    0.80220E+04
    0.23104E-02    0.81665E+04
    0.23571E-02    0.83131E+04
    0.24047E-02    0.84620E+04
    0.24533E-02    0.86129E+04
    0.25028E-02    0.87661E+04
    0.25534E-02    0.89214E+04
    0.26050E-02    0.90789E+04
    0.26576E-02    0.92386E+04
    0.27113E-02    0.94005E+04
    0.27660E-02    0.95647E+04
    0.28219E-02    0.97310E+04
    0.28789E-02    0.98995E+04
    0.29371E-02    0.10070E+05
    0.29964E-02    0.10243E+05
    0.30569E-02    0.10418E+05
    0.31187E-02    0.10596E+05
    0.31817E-02    0.10775E+05
    0.32460E-02    0.10957E+05
    0.33115E-02    0.11141E+05
    0.33784E-02    0.11327E+05
    0.34467E-02    0.11516E+05
    0.35163E-02    0.11706E+05
    0.35874E-02    0.11899E+05
    0.36598E-02    0.12093E+05
    0.37338E-02    0.12290E+05
    0.38092E-02    0.12489E+05
    0.38861E-02    0.12690E+05
    0.39646E-02    0.12893E+05
    0.40447E-02    0.13097E+05
    0.41264E-02    0.13304E+05
    0.42098E-02    0.13513E+05
    0.42948E-02    0.13724E+05
    0.43816E-02    0.13936E+05
    0.44701E-02    0.14150E+05
    0.45604E-02    0.14366E+05
    0.46525E-02    0.14584E+05
    0.47465E-02    0.14803E+05
    0.48424E-02    0.15024E+05
    0.49402E-02    0.15246E+05
    0.50400E-02    0.15470E+05
    0.51419E-02    0.15695E+05
    0.52457E-02    0.15922E+05
    0.53517E-02    0.16149E+05
    0.54598E-02    0.16378E+05
    0.55701E-02    0.16608E+05
    0.56826E-02    0.16839E+05
    0.57974E-02    0.17071E+05
    0.59145E-02    0.17304E+05
    0.60340E-02    0.17537E+05
    0.61559E-02    0.17771E+05
    0.62803E-02    0.18005E+05
    0.64072E-02    0.18240E+05
    0.65366E-02    0.18475E+05
    0.66686E-02    0.18710E+05
    0.68033E-02    0.18945E+05
    0.69408E-02    0.19179E+05
    0.70810E-02    0.19414E+05
    0.72240E-02    0.19648E+05
    0.73700E-02    0.19882E+05
    0.75189E-02    0.20114E+05
    0.76708E-02    0.20346E+05
    0.78257E-02    0.20577E+05
    0.79838E-02    0.20807E+05
    0.81451E-02    0.21036E+05
    0.83096E-02    0.21263E+05
    0.84775E-02    0.21488E+05
    0.86488E-02    0.21712E+05
    0.88235E-02    0.21933E+05
    0.90017E-02    0.22152E+05
    0.91836E-02    0.22368E+05
    0.93691E-02    0.22581E+05
    0.95583E-02    0.22791E+05
    0.97514E-02    0.22998E+05
    0.99484E-02    0.23200E+05
    0.10149E-01    0.23399E+05
    0.10354E-01    0.23594E+05
    0.10564E-01    0.23785E+05
    0.10777E-01    0.23970E+05
    0.10995E-01    0.24152E+05
    0.11217E-01    0.24328E+05
    0.11443E-01    0.24499E+05
    0.11675E-01    0.24665E+05
    0.11910E-01    0.24825E+05
    0.12151E-01    0.24979E+05
    0.12397E-01    0.25128E+05
    0.12647E-01    0.25270E+05
    0.12902E-01    0.25405E+05
    0.13163E-01    0.25532E+05
    0.13429E-01    0.25652E+05
    0.13700E-01    0.25764E+05
    0.13977E-01    0.25868E+05
    0.14259E-01    0.25962E+05
    0.14547E-01    0.26048E+05
    0.14841E-01    0.26123E+05
    0.15141E-01    0.26189E+05
    0.15447E-01    0.26245E+05
    0.15759E-01    0.26291E+05
    0.16077E-01    0.26326E+05
    0.16402E-01    0.26351E+05
    0.16734E-01    0.26364E+05
    0.17072E-01    0.26367E+05
    0.17416E-01    0.26358E+05
    0.17768E-01    0.26339E+05
    0.18127E-01    0.26307E+05
    0.18493E-01    0.26264E+05
    0.18867E-01    0.26209E+05
    0.19248E-01    0.26142E+05
    0.19637E-01    0.26062E+05
    0.20034E-01    0.25970E+05
    0.20438E-01    0.25865E+05
    0.20851E-01    0.25747E+05
    0.21272E-01    0.25615E+05
    0.21702E-01    0.25471E+05
    0.22141E-01    0.25313E+05
    0.22588E-01    0.25143E+05
    0.23044E-01    0.24959E+05
    0.23510E-01    0.24763E+05
    0.23985E-01    0.24555E+05
    0.24469E-01    0.24335E+05
    0.24964E-01    0.24103E+05
    0.25468E-01    0.23859E+05
    0.25982E-01    0.23604E+05
    0.26507E-01    0.23338E+05
    0.27043E-01    0.23062E+05
    0.27589E-01    0.22776E+05
    0.28146E-01    0.22482E+05
    0.28715E-01    0.22179E+05
    0.29295E-01    0.21868E+05
    0.29887E-01    0.21551E+05
    0.30490E-01    0.21226E+05
    0.31106E-01    0.20897E+05
    0.31735E-01    0.20562E+05
    0.32376E-01    0.20224E+05
    0.33030E-01    0.19883E+05
    0.33697E-01    0.19540E+05
    0.34378E-01    0.19196E+05
    0.35072E-01    0.18851E+05
    0.35781E-01    0.18508E+05
    0.36504E-01    0.18167E+05
    0.37241E-01    0.17829E+05
    0.37993E-01    0.17495E+05
    0.38761E-01    0.17166E+05
    0.39544E-01    0.16843E+05
    0.40343E-01    0.16526E+05
    0.41158E-01    0.16217E+05
    0.41989E-01    0.15915E+05
    0.42838E-01    0.15620E+05
    0.43703E-01    0.15335E+05
    0.44586E-01    0.15058E+05
    0.45486E-01    0.14792E+05
    0.46405E-01    0.14538E+05
    0.47343E-01    0.14296E+05
    0.48299E-01    0.14068E+05
    0.49275E-01    0.13851E+05
    0.50270E-01    0.13644E+05
    0.51286E-01    0.13447E+05
    0.52322E-01    0.13258E+05
    0.53379E-01    0.13076E+05
    0.54457E-01    0.12902E+05
    0.55557E-01    0.12734E+05
    0.56680E-01    0.12573E+05
    0.57825E-01    0.12417E+05
    0.58993E-01    0.12263E+05
    0.60184E-01    0.12111E+05
    0.61400E-01    0.11957E+05
    0.62641E-01    0.11801E+05
    0.63906E-01    0.11641E+05
    0.65197E-01    0.11476E+05
    0.66514E-01    0.11303E+05
    0.67858E-01    0.11121E+05
    0.69229E-01    0.10929E+05
    0.70627E-01    0.10726E+05
    0.72054E-01    0.10510E+05
    0.73510E-01    0.10282E+05
    0.74994E-01    0.10041E+05
    0.76509E-01    0.97889E+04
    0.78055E-01    0.95251E+04
    0.79632E-01    0.92513E+04
    0.81241E-01    0.89697E+04
    0.82882E-01    0.86823E+04
    0.84556E-01    0.83917E+04
    0.86264E-01    0.81003E+04
    0.88007E-01    0.78108E+04
    0.89785E-01    0.75261E+04
    0.91598E-01    0.72490E+04
    0.93449E-01    0.69824E+04
    0.95337E-01    0.67292E+04
    0.97263E-01    0.64917E+04
    0.99227E-01    0.62719E+04
    0.10123E+00    0.60715E+04
    0.10328E+00    0.58914E+04
    0.10536E+00    0.57310E+04
    0.10749E+00    0.55897E+04
    0.10966E+00    0.54657E+04
    0.11188E+00    0.53561E+04
    0.11414E+00    0.52583E+04
    0.11644E+00    0.51685E+04
    0.11880E+00    0.50832E+04
    0.12120E+00    0.49985E+04
    0.12365E+00    0.49109E+04
    0.12614E+00    0.48169E+04
    0.12869E+00    0.47135E+04
    0.13129E+00    0.45985E+04
    0.13394E+00    0.44709E+04
    0.13665E+00    0.43306E+04
    0.13941E+00    0.41793E+04
    0.14223E+00    0.40193E+04
    0.14510E+00    0.38542E+04
    0.14803E+00    0.36877E+04
    0.15102E+00    0.35239E+04
    0.15407E+00    0.33671E+04
    0.15718E+00    0.32212E+04
    0.16036E+00    0.30893E+04
    0.16360E+00    0.29738E+04
    0.16690E+00    0.28750E+04
    0.17028E+00    0.27916E+04
    0.17371E+00    0.27211E+04
    0.17722E+00    0.26598E+04
    0.18080E+00    0.26038E+04
    0.18446E+00    0.25490E+04
    0.18818E+00    0.24915E+04
    0.19198E+00    0.24278E+04
    0.19586E+00    0.23556E+04
    0.19982E+00    0.22742E+04
    0.20386E+00    0.21852E+04
    0.20797E+00    0.20916E+04
    0.21218E+00    0.19971E+04
    0.21646E+00    0.19057E+04
    0.22083E+00    0.18209E+04
    0.22530E+00    0.17452E+04
    0.22985E+00    0.16797E+04
    0.23449E+00    0.16240E+04
    0.23923E+00    0.15764E+04
    0.24406E+00    0.15339E+04
    0.24899E+00    0.14930E+04
    0.25402E+00    0.14504E+04
    0.25915E+00    0.14036E+04
    0.26439E+00    0.13522E+04
    0.26973E+00    0.12974E+04
    0.27518E+00    0.12411E+04
    0.28074E+00    0.11860E+04
    0.28641E+00    0.11346E+04
    0.29219E+00    0.10886E+04
    0.29810E+00    0.10484E+04
    0.30412E+00    0.10130E+04
    0.31026E+00    0.98043E+03
    0.31653E+00    0.94860E+03
    0.32292E+00    0.91575E+03
    0.32945E+00    0.88105E+03
    0.33610E+00    0.84502E+03
    0.34289E+00    0.80903E+03
    0.34982E+00    0.77459E+03
    0.35689E+00    0.74288E+03
    0.36409E+00    0.71421E+03
    0.37145E+00    0.68800E+03
    0.37895E+00    0.66319E+03
    0.38661E+00    0.63870E+03
    0.39442E+00    0.61385E+03
    0.40239E+00    0.58875E+03
    0.41052E+00    0.56414E+03
    0.41881E+00    0.54068E+03
    0.42727E+00    0.51882E+03
    0.43590E+00    0.49853E+03
    0.44471E+00    0.47923E+03
    0.45369E+00    0.46044E+03
    0.46286E+00    0.44188E+03
    0.47221E+00    0.42358E+03
    0.48174E+00    0.40596E+03
    0.49148E+00    0.38922E+03
    0.50141E+00    0.37343E+03
    0.51153E+00    0.35837E+03
    0.52187E+00    0.34378E+03
    0.53241E+00    0.32958E+03
    0.54317E+00    0.31582E+03
    0.55414E+00    0.30263E+03
    0.56533E+00    0.29007E+03
    0.57675E+00    0.27805E+03
    0.58840E+00    0.26647E+03
    0.60029E+00    0.25531E+03
    0.61242E+00    0.24454E+03
    0.62479E+00    0.23422E+03
    0.63741E+00    0.22434E+03
    0.65029E+00    0.21488E+03
    0.66342E+00    0.20579E+03
    0.67683E+00    0.19705E+03
    0.69050E+00    0.18866E+03
    0.70445E+00    0.18061E+03
    0.71868E+00    0.17287E+03
    0.73320E+00    0.16545E+03
    0.74801E+00    0.15833E+03
    0.76312E+00    0.15150E+03
    0.77854E+00    0.14495E+03
    0.79426E+00    0.13867E+03
    0.81031E+00    0.13265E+03
    0.82668E+00    0.12688E+03
    0.84338E+00    0.12135E+03
    0.86041E+00    0.11605E+03
    0.87780E+00    0.11098E+03
    0.89553E+00    0.10612E+03
    0.91362E+00    0.10146E+03
    0.93208E+00    0.96994E+02
    0.95091E+00    0.92720E+02
    0.97011E+00    0.88626E+02
    0.98971E+00    0.84706E+02
    0.10097E+01    0.80951E+02
    0.10301E+01    0.77357E+02
    0.10509E+01    0.73915E+02
    0.10721E+01    0.70621E+02
    0.10938E+01    0.67467E+02
    0.11159E+01    0.64449E+02
    0.11384E+01    0.61561E+02
    0.11614E+01    0.58798E+02
    0.11849E+01    0.56154E+02
    0.12088E+01    0.53624E+02
    0.12333E+01    0.51204E+02
    0.12582E+01    0.48890E+02
    0.12836E+01    0.46677E+02
    0.13095E+01    0.44561E+02
    0.13360E+01    0.42537E+02
    0.13630E+01    0.40602E+02
    0.13905E+01    0.38753E+02
    0.14186E+01    0.36985E+02
    0.14472E+01    0.35295E+02
    0.14765E+01    0.33679E+02
    0.15063E+01    0.32136E+02
    0.15367E+01    0.30661E+02
    0.15678E+01    0.29251E+02
    0.15994E+01    0.27905E+02
    0.16318E+01    0.26618E+02
    0.16647E+01    0.25389E+02
    0.16984E+01    0.24215E+02
    0.17327E+01    0.23094E+02
    0.17677E+01    0.22024E+02
    0.18034E+01    0.21001E+02
    0.18398E+01    0.20025E+02
    0.18770E+01    0.19093E+02
    0.19149E+01    0.18203E+02
    0.19536E+01    0.17353E+02
    0.19930E+01    0.16542E+02
    0.20333E+01    0.15768E+02
    0.20744E+01    0.15029E+02
    0.21163E+01    0.14324E+02
    0.21590E+01    0.13651E+02
    0.22026E+01    0.13009E+02
    0.22471E+01    0.12397E+02
    0.22925E+01    0.11812E+02
    0.23388E+01    0.11255E+02
    0.23861E+01    0.10723E+02
    0.24343E+01    0.10216E+02
    0.24835E+01    0.97316E+01
    0.25336E+01    0.92702E+01
    0.25848E+01    0.88300E+01
    0.26370E+01    0.84103E+01
    0.26903E+01    0.80102E+01
    0.27447E+01    0.76286E+01
    0.28001E+01    0.72648E+01
    0.28567E+01    0.69180E+01
    0.29144E+01    0.65873E+01
    0.29733E+01    0.62722E+01
    0.30333E+01    0.59718E+01
    0.30946E+01    0.56855E+01
    0.31571E+01    0.54126E+01
    0.32209E+01    0.51526E+01
    0.32860E+01    0.49048E+01
    0.33523E+01    0.46687E+01
    0.34201E+01    0.44437E+01
    0.34892E+01    0.42293E+01
    0.35596E+01    0.40251E+01
    0.36316E+01    0.38306E+01
    0.37049E+01    0.36453E+01
    0.37798E+01    0.34688E+01
    0.38561E+01    0.33006E+01
    0.39340E+01    0.31405E+01
    0.40135E+01    0.29880E+01
    0.40946E+01    0.28428E+01
    0.41773E+01    0.27045E+01
    0.42617E+01    0.25728E+01
    0.43478E+01    0.24474E+01
    0.44356E+01    0.23280E+01
    0.45252E+01    0.22144E+01
    0.46166E+01    0.21061E+01
    0.47099E+01    0.20031E+01
    0.48050E+01    0.19051E+01
    0.49021E+01    0.18118E+01
    0.50011E+01    0.17229E+01
    0.51021E+01    0.16384E+01
    0.52052E+01    0.15579E+01
    0.53104E+01    0.14813E+01
    0.54176E+01    0.14084E+01
    0.55271E+01    0.13391E+01
    0.56387E+01    0.12731E+01
    0.57526E+01    0.12103E+01
    0.58689E+01    0.11506E+01
    0.59874E+01    0.10938E+01
    0.61084E+01    0.10397E+01
    0.62318E+01    0.98827E+00
    0.63577E+01    0.93935E+00
    0.64861E+01    0.89281E+00
    0.66171E+01    0.84854E+00
    0.67508E+01    0.80644E+00
    0.68872E+01    0.76640E+00
    0.70263E+01    0.72831E+00
    0.71682E+01    0.69210E+00
    0.73130E+01    0.65766E+00
    0.74608E+01    0.62491E+00
    0.76115E+01    0.59377E+00
    0.77653E+01    0.56415E+00
    0.79221E+01    0.53600E+00
    0.80822E+01    0.50923E+00
    0.82454E+01    0.48379E+00
    0.84120E+01    0.45959E+00
    0.85819E+01    0.43660E+00
    0.87553E+01    0.41473E+00
    0.89322E+01    0.39395E+00
    0.91126E+01    0.37420E+00
    0.92967E+01    0.35542E+00
    0.94845E+01    0.33758E+00
    0.96761E+01    0.32062E+00
    0.98716E+01    0.30450E+00
    0.10071E+02    0.28918E+00
    0.10274E+02    0.27463E+00
    0.10482E+02    0.26080E+00
    0.10694E+02    0.24765E+00
    0.10910E+02    0.23516E+00
    0.11130E+02    0.22330E+00
    0.11355E+02    0.21202E+00
    0.11584E+02    0.20131E+00
    0.11818E+02    0.19113E+00
    0.12057E+02    0.18146E+00
    0.12301E+02    0.17228E+00
    0.12549E+02    0.16356E+00
    0.12803E+02    0.15527E+00
    0.13061E+02    0.14739E+00
    0.13325E+02    0.13992E+00
    0.13594E+02    0.13281E+00
    0.13869E+02    0.12607E+00
    0.14149E+02    0.11966E+00
    0.14435E+02    0.11358E+00
    0.14727E+02    0.10780E+00
    0.15024E+02    0.10231E+00
    0.15328E+02    0.97100E-01
    0.15637E+02    0.92151E-01
    0.15953E+02    0.87453E-01
    0.16275E+02    0.82991E-01
    0.16604E+02    0.78754E-01
    0.16940E+02    0.74732E-01
    0.17282E+02    0.70913E-01
    0.17631E+02    0.67287E-01
    0.17987E+02    0.63845E-01
    0.18351E+02    0.60577E-01
    0.18721E+02    0.57474E-01
    0.19099E+02    0.54529E-01
    0.19485E+02    0.51734E-01
    0.19879E+02    0.49080E-01
    0.20280E+02    0.46561E-01
    0.20690E+02    0.44170E-01
    0.21108E+02    0.41901E-01
    0.21535E+02    0.39748E-01
    0.21970E+02    0.37704E-01
    0.22413E+02    0.35764E-01
    0.22866E+02    0.33923E-01
    0.23328E+02    0.32176E-01
    0.23799E+02    0.30518E-01
    0.24280E+02    0.28945E-01
    0.24771E+02    0.27452E-01
    0.25271E+02    0.26036E-01
    0.25782E+02    0.24691E-01
    0.26302E+02    0.23416E-01
    0.26834E+02    0.22205E-01
    0.27376E+02    0.21057E-01
    0.27929E+02    0.19967E-01
    0.28493E+02    0.18933E-01
    0.29069E+02    0.17952E-01
    0.29656E+02    0.17021E-01
    0.30255E+02    0.16138E-01
    0.30866E+02    0.15301E-01
    0.31490E+02    0.14506E-01
    0.32126E+02    0.13753E-01
    0.32775E+02    0.13038E-01
    0.33437E+02    0.12361E-01
    0.34112E+02    0.11719E-01
    0.34801E+02    0.11109E-01
