#           k/h    P           
    0.10000E-03    0.52187E+03
    0.10202E-03    0.53240E+03
    0.10408E-03    0.54315E+03
    0.10618E-03    0.55411E+03
    0.10833E-03    0.56530E+03
    0.11052E-03    0.57671E+03
    0.11275E-03    0.58835E+03
    0.11503E-03    0.60023E+03
    0.11735E-03    0.61234E+03
    0.11972E-03    0.62470E+03
    0.12214E-03    0.63731E+03
    0.12461E-03    0.65017E+03
    0.12712E-03    0.66329E+03
    0.12969E-03    0.67668E+03
    0.13231E-03    0.69033E+03
    0.13499E-03    0.70426E+03
    0.13771E-03    0.71847E+03
    0.14049E-03    0.73297E+03
    0.14333E-03    0.74775E+03
    0.14623E-03    0.76284E+03
    0.14918E-03    0.77823E+03
    0.15220E-03    0.79393E+03
    0.15527E-03    0.80994E+03
    0.15841E-03    0.82628E+03
    0.16161E-03    0.84294E+03
    0.16487E-03    0.85994E+03
    0.16820E-03    0.87728E+03
    0.17160E-03    0.89497E+03
    0.17507E-03    0.91301E+03
    0.17860E-03    0.93142E+03
    0.18221E-03    0.95020E+03
    0.18589E-03    0.96935E+03
    0.18965E-03    0.98889E+03
    0.19348E-03    0.10088E+04
    0.19739E-03    0.10292E+04
    0.20138E-03    0.10499E+04
    0.20544E-03    0.10710E+04
    0.20959E-03    0.10926E+04
    0.21383E-03    0.11146E+04
    0.21815E-03    0.11371E+04
    0.22255E-03    0.11600E+04
    0.22705E-03    0.11833E+04
    0.23164E-03    0.12072E+04
    0.23632E-03    0.12315E+04
    0.24109E-03    0.12563E+04
    0.24596E-03    0.12815E+04
    0.25093E-03    0.13073E+04
    0.25600E-03    0.13336E+04
    0.26117E-03    0.13605E+04
    0.26645E-03    0.13878E+04
    0.27183E-03    0.14157E+04
    0.27732E-03    0.14442E+04
    0.28292E-03    0.14732E+04
    0.28864E-03    0.15028E+04
    0.29447E-03    0.15330E+04
    0.30042E-03    0.15638E+04
    0.30649E-03    0.15953E+04
    0.31268E-03    0.16273E+04
    0.31899E-03    0.16600E+04
    0.32544E-03    0.16933E+04
    0.33201E-03    0.17273E+04
    0.33872E-03    0.17619E+04
    0.34556E-03    0.17973E+04
    0.35254E-03    0.18333E+04
    0.35966E-03    0.18701E+04
    0.36693E-03    0.19075E+04
    0.37434E-03    0.19457E+04
    0.38190E-03    0.19847E+04
    0.38962E-03    0.20245E+04
    0.39749E-03    0.20650E+04
    0.40552E-03    0.21063E+04
    0.41371E-03    0.21484E+04
    0.42207E-03    0.21914E+04
    0.43060E-03    0.22352E+04
    0.43929E-03    0.22798E+04
    0.44817E-03    0.23254E+04
    0.45722E-03    0.23718E+04
    0.46646E-03    0.24191E+04
    0.47588E-03    0.24674E+04
    0.48550E-03    0.25166E+04
    0.49530E-03    0.25667E+04
    0.50531E-03    0.26178E+04
    0.51552E-03    0.26700E+04
    0.52593E-03    0.27231E+04
    0.53656E-03    0.27772E+04
    0.54739E-03    0.28324E+04
    0.55845E-03    0.28887E+04
    0.56973E-03    0.29461E+04
    0.58124E-03    0.30045E+04
    0.59299E-03    0.30641E+04
    0.60496E-03    0.31248E+04
    0.61719E-03    0.31867E+04
    0.62965E-03    0.32498E+04
    0.64237E-03    0.33140E+04
    0.65535E-03    0.33795E+04
    0.66859E-03    0.34463E+04
    0.68210E-03    0.35143E+04
    0.69588E-03    0.35836E+04
    0.70993E-03    0.36542E+04
    0.72427E-03    0.37261E+04
    0.73891E-03    0.37994E+04
    0.75383E-03    0.38741E+04
    0.76906E-03    0.39502E+04
    0.78460E-03    0.40277E+04
    0.80045E-03    0.41066E+04
    0.81662E-03    0.41870E+04
    0.83311E-03    0.42689E+04
    0.84994E-03    0.43524E+04
    0.86711E-03    0.44373E+04
    0.88463E-03    0.45239E+04
    0.90250E-03    0.46120E+04
    0.92073E-03    0.47018E+04
    0.93933E-03    0.47931E+04
    0.95831E-03    0.48862E+04
    0.97767E-03    0.49809E+04
    0.99742E-03    0.50774E+04
    0.10176E-02    0.51756E+04
    0.10381E-02    0.52756E+04
    0.10591E-02    0.53774E+04
    0.10805E-02    0.54810E+04
    0.11023E-02    0.55864E+04
    0.11246E-02    0.56937E+04
    0.11473E-02    0.58029E+04
    0.11705E-02    0.59141E+04
    0.11941E-02    0.60272E+04
    0.12182E-02    0.61422E+04
    0.12429E-02    0.62593E+04
    0.12680E-02    0.63784E+04
    0.12936E-02    0.64995E+04
    0.13197E-02    0.66228E+04
    0.13464E-02    0.67481E+04
    0.13736E-02    0.68756E+04
    0.14013E-02    0.70052E+04
    0.14296E-02    0.71371E+04
    0.14585E-02    0.72711E+04
    0.14880E-02    0.74073E+04
    0.15180E-02    0.75458E+04
    0.15487E-02    0.76866E+04
    0.15800E-02    0.78298E+04
    0.16119E-02    0.79752E+04
    0.16445E-02    0.81230E+04
    0.16777E-02    0.82731E+04
    0.17116E-02    0.84257E+04
    0.17462E-02    0.85807E+04
    0.17814E-02    0.87381E+04
    0.18174E-02    0.88979E+04
    0.18541E-02    0.90603E+04
    0.18916E-02    0.92251E+04
    0.19298E-02    0.93925E+04
    0.19688E-02    0.95624E+04
    0.20086E-02    0.97348E+04
    0.20491E-02    0.99098E+04
    0.20905E-02    0.10087E+05
    0.21328E-02    0.10268E+05
    0.21758E-02    0.10450E+05
    0.22198E-02    0.10636E+05
    0.22646E-02    0.10824E+05
    0.23104E-02    0.11014E+05
    0.23571E-02    0.11208E+05
    0.24047E-02    0.11404E+05
    0.24533E-02    0.11602E+05
    0.25028E-02    0.11803E+05
    0.25534E-02    0.12007E+05
    0.26050E-02    0.12214E+05
    0.26576E-02    0.12423E+05
    0.27113E-02    0.12635E+05
    0.27660E-02    0.12849E+05
    0.28219E-02    0.13066E+05
    0.28789E-02    0.13286E+05
    0.29371E-02    0.13508E+05
    0.29964E-02    0.13733E+05
    0.30569E-02    0.13961E+05
    0.31187E-02    0.14191E+05
    0.31817E-02    0.14423E+05
    0.32460E-02    0.14659E+05
    0.33115E-02    0.14896E+05
    0.33784E-02    0.15136E+05
    0.34467E-02    0.15379E+05
    0.35163E-02    0.15624E+05
    0.35874E-02    0.15871E+05
    0.36598E-02    0.16120E+05
    0.37338E-02    0.16372E+05
    0.38092E-02    0.16626E+05
    0.38861E-02    0.16882E+05
    0.39646E-02    0.17140E+05
    0.40447E-02    0.17401E+05
    0.41264E-02    0.17663E+05
    0.42098E-02    0.17927E+05
    0.42948E-02    0.18193E+05
    0.43816E-02    0.18461E+05
    0.44701E-02    0.18731E+05
    0.45604E-02    0.19002E+05
    0.46525E-02    0.19274E+05
    0.47465E-02    0.19548E+05
    0.48424E-02    0.19824E+05
    0.49402E-02    0.20100E+05
    0.50400E-02    0.20378E+05
    0.51419E-02    0.20657E+05
    0.52457E-02    0.20936E+05
    0.53517E-02    0.21217E+05
    0.54598E-02    0.21498E+05
    0.55701E-02    0.21779E+05
    0.56826E-02    0.22061E+05
    0.57974E-02    0.22343E+05
    0.59145E-02    0.22625E+05
    0.60340E-02    0.22907E+05
    0.61559E-02    0.23188E+05
    0.62803E-02    0.23469E+05
    0.64072E-02    0.23750E+05
    0.65366E-02    0.24029E+05
    0.66686E-02    0.24308E+05
    0.68033E-02    0.24585E+05
    0.69408E-02    0.24862E+05
    0.70810E-02    0.25136E+05
    0.72240E-02    0.25409E+05
    0.73700E-02    0.25681E+05
    0.75189E-02    0.25950E+05
    0.76708E-02    0.26216E+05
    0.78257E-02    0.26481E+05
    0.79838E-02    0.26742E+05
    0.81451E-02    0.27000E+05
    0.83096E-02    0.27254E+05
    0.84775E-02    0.27504E+05
    0.86488E-02    0.27750E+05
    0.88235E-02    0.27992E+05
    0.90017E-02    0.28228E+05
    0.91836E-02    0.28459E+05
    0.93691E-02    0.28685E+05
    0.95583E-02    0.28905E+05
    0.97514E-02    0.29119E+05
    0.99484E-02    0.29327E+05
    0.10149E-01    0.29528E+05
    0.10354E-01    0.29723E+05
    0.10564E-01    0.29911E+05
    0.10777E-01    0.30091E+05
    0.10995E-01    0.30264E+05
    0.11217E-01    0.30430E+05
    0.11443E-01    0.30587E+05
    0.11675E-01    0.30735E+05
    0.11910E-01    0.30874E+05
    0.12151E-01    0.31004E+05
    0.12397E-01    0.31123E+05
    0.12647E-01    0.31231E+05
    0.12902E-01    0.31328E+05
    0.13163E-01    0.31413E+05
    0.13429E-01    0.31486E+05
    0.13700E-01    0.31546E+05
    0.13977E-01    0.31594E+05
    0.14259E-01    0.31629E+05
    0.14547E-01    0.31650E+05
    0.14841E-01    0.31658E+05
    0.15141E-01    0.31652E+05
    0.15447E-01    0.31633E+05
    0.15759E-01    0.31599E+05
    0.16077E-01    0.31551E+05
    0.16402E-01    0.31488E+05
    0.16734E-01    0.31411E+05
    0.17072E-01    0.31319E+05
    0.17416E-01    0.31212E+05
    0.17768E-01    0.31089E+05
    0.18127E-01    0.30950E+05
    0.18493E-01    0.30795E+05
    0.18867E-01    0.30624E+05
    0.19248E-01    0.30437E+05
    0.19637E-01    0.30233E+05
    0.20034E-01    0.30013E+05
    0.20438E-01    0.29776E+05
    0.20851E-01    0.29524E+05
    0.21272E-01    0.29256E+05
    0.21702E-01    0.28973E+05
    0.22141E-01    0.28675E+05
    0.22588E-01    0.28363E+05
    0.23044E-01    0.28036E+05
    0.23510E-01    0.27695E+05
    0.23985E-01    0.27341E+05
    0.24469E-01    0.26975E+05
    0.24964E-01    0.26597E+05
    0.25468E-01    0.26208E+05
    0.25982E-01    0.25809E+05
    0.26507E-01    0.25401E+05
    0.27043E-01    0.24985E+05
    0.27589E-01    0.24561E+05
    0.28146E-01    0.24131E+05
    0.28715E-01    0.23695E+05
    0.29295E-01    0.23255E+05
    0.29887E-01    0.22813E+05
    0.30490E-01    0.22368E+05
    0.31106E-01    0.21924E+05
    0.31735E-01    0.21479E+05
    0.32376E-01    0.21037E+05
    0.33030E-01    0.20598E+05
    0.33697E-01    0.20164E+05
    0.34378E-01    0.19736E+05
    0.35072E-01    0.19315E+05
    0.35781E-01    0.18903E+05
    0.36504E-01    0.18501E+05
    0.37241E-01    0.18108E+05
    0.37993E-01    0.17725E+05
    0.38761E-01    0.17354E+05
    0.39544E-01    0.16995E+05
    0.40343E-01    0.16649E+05
    0.41158E-01    0.16317E+05
    0.41989E-01    0.16000E+05
    0.42838E-01    0.15701E+05
    0.43703E-01    0.15419E+05
    0.44586E-01    0.15155E+05
    0.45486E-01    0.14905E+05
    0.46405E-01    0.14671E+05
    0.47343E-01    0.14450E+05
    0.48299E-01    0.14241E+05
    0.49275E-01    0.14043E+05
    0.50270E-01    0.13855E+05
    0.51286E-01    0.13677E+05
    0.52322E-01    0.13506E+05
    0.53379E-01    0.13341E+05
    0.54457E-01    0.13180E+05
    0.55557E-01    0.13021E+05
    0.56680E-01    0.12862E+05
    0.57825E-01    0.12700E+05
    0.58993E-01    0.12533E+05
    0.60184E-01    0.12360E+05
    0.61400E-01    0.12177E+05
    0.62641E-01    0.11983E+05
    0.63906E-01    0.11777E+05
    0.65197E-01    0.11556E+05
    0.66514E-01    0.11320E+05
    0.67858E-01    0.11068E+05
    0.69229E-01    0.10800E+05
    0.70627E-01    0.10515E+05
    0.72054E-01    0.10215E+05
    0.73510E-01    0.99011E+04
    0.74994E-01    0.95764E+04
    0.76509E-01    0.92436E+04
    0.78055E-01    0.89059E+04
    0.79632E-01    0.85666E+04
    0.81241E-01    0.82298E+04
    0.82882E-01    0.78990E+04
    0.84556E-01    0.75783E+04
    0.86264E-01    0.72713E+04
    0.88007E-01    0.69815E+04
    0.89785E-01    0.67116E+04
    0.91598E-01    0.64643E+04
    0.93449E-01    0.62412E+04
    0.95337E-01    0.60429E+04
    0.97263E-01    0.58694E+04
    0.99227E-01    0.57198E+04
    0.10123E+00    0.55916E+04
    0.10328E+00    0.54825E+04
    0.10536E+00    0.53886E+04
    0.10749E+00    0.53057E+04
    0.10966E+00    0.52291E+04
    0.11188E+00    0.51538E+04
    0.11414E+00    0.50748E+04
    0.11644E+00    0.49873E+04
    0.11880E+00    0.48873E+04
    0.12120E+00    0.47722E+04
    0.12365E+00    0.46404E+04
    0.12614E+00    0.44925E+04
    0.12869E+00    0.43298E+04
    0.13129E+00    0.41552E+04
    0.13394E+00    0.39725E+04
    0.13665E+00    0.37862E+04
    0.13941E+00    0.36020E+04
    0.14223E+00    0.34255E+04
    0.14510E+00    0.32624E+04
    0.14803E+00    0.31172E+04
    0.15102E+00    0.29924E+04
    0.15407E+00    0.28881E+04
    0.15718E+00    0.28026E+04
    0.16036E+00    0.27329E+04
    0.16360E+00    0.26751E+04
    0.16690E+00    0.26248E+04
    0.17028E+00    0.25768E+04
    0.17371E+00    0.25257E+04
    0.17722E+00    0.24663E+04
    0.18080E+00    0.23951E+04
    0.18446E+00    0.23117E+04
    0.18818E+00    0.22180E+04
    0.19198E+00    0.21176E+04
    0.19586E+00    0.20151E+04
    0.19982E+00    0.19151E+04
    0.20386E+00    0.18223E+04
    0.20797E+00    0.17404E+04
    0.21218E+00    0.16715E+04
    0.21646E+00    0.16152E+04
    0.22083E+00    0.15690E+04
    0.22530E+00    0.15293E+04
    0.22985E+00    0.14918E+04
    0.23449E+00    0.14522E+04
    0.23923E+00    0.14072E+04
    0.24406E+00    0.13557E+04
    0.24899E+00    0.12989E+04
    0.25402E+00    0.12395E+04
    0.25915E+00    0.11808E+04
    0.26439E+00    0.11261E+04
    0.26973E+00    0.10778E+04
    0.27518E+00    0.10370E+04
    0.28074E+00    0.10022E+04
    0.28641E+00    0.97107E+03
    0.29219E+00    0.94087E+03
    0.29810E+00    0.90924E+03
    0.30412E+00    0.87483E+03
    0.31026E+00    0.83806E+03
    0.31653E+00    0.80078E+03
    0.32292E+00    0.76503E+03
    0.32945E+00    0.73232E+03
    0.33610E+00    0.70338E+03
    0.34289E+00    0.67766E+03
    0.34982E+00    0.65364E+03
    0.35689E+00    0.62986E+03
    0.36409E+00    0.60536E+03
    0.37145E+00    0.58013E+03
    0.37895E+00    0.55509E+03
    0.38661E+00    0.53123E+03
    0.39442E+00    0.50924E+03
    0.40239E+00    0.48914E+03
    0.41052E+00    0.47026E+03
    0.41881E+00    0.45189E+03
    0.42727E+00    0.43353E+03
    0.43590E+00    0.41526E+03
    0.44471E+00    0.39758E+03
    0.45369E+00    0.38085E+03
    0.46286E+00    0.36523E+03
    0.47221E+00    0.35044E+03
    0.48174E+00    0.33613E+03
    0.49148E+00    0.32209E+03
    0.50141E+00    0.30843E+03
    0.51153E+00    0.29537E+03
    0.52187E+00    0.28295E+03
    0.53241E+00    0.27112E+03
    0.54317E+00    0.25977E+03
    0.55414E+00    0.24876E+03
    0.56533E+00    0.23814E+03
    0.57675E+00    0.22799E+03
    0.58840E+00    0.21828E+03
    0.60029E+00    0.20896E+03
    0.61242E+00    0.20002E+03
    0.62479E+00    0.19144E+03
    0.63741E+00    0.18321E+03
    0.65029E+00    0.17531E+03
    0.66342E+00    0.16774E+03
    0.67683E+00    0.16048E+03
    0.69050E+00    0.15351E+03
    0.70445E+00    0.14684E+03
    0.71868E+00    0.14044E+03
    0.73320E+00    0.13431E+03
    0.74801E+00    0.12843E+03
    0.76312E+00    0.12280E+03
    0.77854E+00    0.11741E+03
    0.79426E+00    0.11224E+03
    0.81031E+00    0.10729E+03
    0.82668E+00    0.10255E+03
    0.84338E+00    0.98013E+02
    0.86041E+00    0.93667E+02
    0.87780E+00    0.89506E+02
    0.89553E+00    0.85523E+02
    0.91362E+00    0.81710E+02
    0.93208E+00    0.78061E+02
    0.95091E+00    0.74569E+02
    0.97011E+00    0.71227E+02
    0.98971E+00    0.68029E+02
    0.10097E+01    0.64969E+02
    0.10301E+01    0.62042E+02
    0.10509E+01    0.59243E+02
    0.10721E+01    0.56565E+02
    0.10938E+01    0.54004E+02
    0.11159E+01    0.51555E+02
    0.11384E+01    0.49214E+02
    0.11614E+01    0.46975E+02
    0.11849E+01    0.44835E+02
    0.12088E+01    0.42789E+02
    0.12333E+01    0.40833E+02
    0.12582E+01    0.38964E+02
    0.12836E+01    0.37178E+02
    0.13095E+01    0.35472E+02
    0.13360E+01    0.33841E+02
    0.13630E+01    0.32283E+02
    0.13905E+01    0.30794E+02
    0.14186E+01    0.29373E+02
    0.14472E+01    0.28014E+02
    0.14765E+01    0.26717E+02
    0.15063E+01    0.25479E+02
    0.15367E+01    0.24296E+02
    0.15678E+01    0.23166E+02
    0.15994E+01    0.22088E+02
    0.16318E+01    0.21058E+02
    0.16647E+01    0.20075E+02
    0.16984E+01    0.19137E+02
    0.17327E+01    0.18241E+02
    0.17677E+01    0.17387E+02
    0.18034E+01    0.16571E+02
    0.18398E+01    0.15793E+02
    0.18770E+01    0.15050E+02
    0.19149E+01    0.14341E+02
    0.19536E+01    0.13665E+02
    0.19930E+01    0.13020E+02
    0.20333E+01    0.12405E+02
    0.20744E+01    0.11818E+02
    0.21163E+01    0.11258E+02
    0.21590E+01    0.10724E+02
    0.22026E+01    0.10215E+02
    0.22471E+01    0.97295E+01
    0.22925E+01    0.92665E+01
    0.23388E+01    0.88251E+01
    0.23861E+01    0.84042E+01
    0.24343E+01    0.80030E+01
    0.24835E+01    0.76205E+01
    0.25336E+01    0.72560E+01
    0.25848E+01    0.69085E+01
    0.26370E+01    0.65772E+01
    0.26903E+01    0.62616E+01
    0.27447E+01    0.59608E+01
    0.28001E+01    0.56741E+01
    0.28567E+01    0.54010E+01
    0.29144E+01    0.51407E+01
    0.29733E+01    0.48927E+01
    0.30333E+01    0.46565E+01
    0.30946E+01    0.44315E+01
    0.31571E+01    0.42171E+01
    0.32209E+01    0.40129E+01
    0.32860E+01    0.38184E+01
    0.33523E+01    0.36331E+01
    0.34201E+01    0.34567E+01
    0.34892E+01    0.32887E+01
    0.35596E+01    0.31287E+01
    0.36316E+01    0.29764E+01
    0.37049E+01    0.28313E+01
    0.37798E+01    0.26932E+01
    0.38561E+01    0.25617E+01
    0.39340E+01    0.24365E+01
    0.40135E+01    0.23174E+01
    0.40946E+01    0.22039E+01
    0.41773E+01    0.20960E+01
    0.42617E+01    0.19932E+01
    0.43478E+01    0.18954E+01
    0.44356E+01    0.18023E+01
    0.45252E+01    0.17137E+01
    0.46166E+01    0.16294E+01
    0.47099E+01    0.15492E+01
    0.48050E+01    0.14729E+01
    0.49021E+01    0.14002E+01
    0.50011E+01    0.13311E+01
    0.51021E+01    0.12654E+01
    0.52052E+01    0.12028E+01
    0.53104E+01    0.11433E+01
    0.54176E+01    0.10867E+01
    0.55271E+01    0.10329E+01
    0.56387E+01    0.98169E+00
    0.57526E+01    0.93299E+00
    0.58689E+01    0.88666E+00
    0.59874E+01    0.84261E+00
    0.61084E+01    0.80071E+00
    0.62318E+01    0.76086E+00
    0.63577E+01    0.72298E+00
    0.64861E+01    0.68695E+00
    0.66171E+01    0.65269E+00
    0.67508E+01    0.62012E+00
    0.68872E+01    0.58916E+00
    0.70263E+01    0.55972E+00
    0.71682E+01    0.53173E+00
    0.73130E+01    0.50512E+00
    0.74608E+01    0.47983E+00
    0.76115E+01    0.45579E+00
    0.77653E+01    0.43294E+00
    0.79221E+01    0.41121E+00
    0.80822E+01    0.39057E+00
    0.82454E+01    0.37095E+00
    0.84120E+01    0.35230E+00
    0.85819E+01    0.33458E+00
    0.87553E+01    0.31774E+00
    0.89322E+01    0.30174E+00
    0.91126E+01    0.28653E+00
    0.92967E+01    0.27208E+00
    0.94845E+01    0.25835E+00
    0.96761E+01    0.24531E+00
    0.98716E+01    0.23292E+00
    0.10071E+02    0.22114E+00
    0.10274E+02    0.20996E+00
    0.10482E+02    0.19933E+00
    0.10694E+02    0.18924E+00
    0.10910E+02    0.17965E+00
    0.11130E+02    0.17054E+00
    0.11355E+02    0.16189E+00
    0.11584E+02    0.15367E+00
    0.11818E+02    0.14586E+00
    0.12057E+02    0.13845E+00
    0.12301E+02    0.13141E+00
    0.12549E+02    0.12473E+00
    0.12803E+02    0.11838E+00
    0.13061E+02    0.11235E+00
    0.13325E+02    0.10662E+00
    0.13594E+02    0.10119E+00
    0.13869E+02    0.96024E-01
    0.14149E+02    0.91123E-01
    0.14435E+02    0.86469E-01
    0.14727E+02    0.82050E-01
    0.15024E+02    0.77855E-01
    0.15328E+02    0.73872E-01
    0.15637E+02    0.70091E-01
    0.15953E+02    0.66502E-01
    0.16275E+02    0.63095E-01
    0.16604E+02    0.59860E-01
    0.16940E+02    0.56790E-01
    0.17282E+02    0.53875E-01
    0.17631E+02    0.51109E-01
    0.17987E+02    0.48483E-01
    0.18351E+02    0.45991E-01
    0.18721E+02    0.43626E-01
    0.19099E+02    0.41382E-01
    0.19485E+02    0.39252E-01
    0.19879E+02    0.37230E-01
    0.20280E+02    0.35312E-01
    0.20690E+02    0.33491E-01
    0.21108E+02    0.31764E-01
    0.21535E+02    0.30125E-01
    0.21970E+02    0.28570E-01
    0.22413E+02    0.27094E-01
    0.22866E+02    0.25694E-01
    0.23328E+02    0.24366E-01
    0.23799E+02    0.23105E-01
    0.24280E+02    0.21909E-01
    0.24771E+02    0.20774E-01
    0.25271E+02    0.19697E-01
    0.25782E+02    0.18676E-01
    0.26302E+02    0.17707E-01
    0.26834E+02    0.16787E-01
    0.27376E+02    0.15915E-01
    0.27929E+02    0.15088E-01
    0.28493E+02    0.14303E-01
    0.29069E+02    0.13559E-01
    0.29656E+02    0.12854E-01
    0.30255E+02    0.12185E-01
    0.30866E+02    0.11551E-01
    0.31490E+02    0.10949E-01
    0.32126E+02    0.10379E-01
