#          k/h    CDM            baryon         photon         nu             mass_nu        total          no_nu          total_de       Weyl           v_CDM          v_b            v_b-v_c     
   0.956289E-05   0.201222E+08   0.201222E+08   0.268155E+08   0.268150E+08   0.000000E+00   0.201222E+08   0.201222E+08   0.201305E+08  -0.447935E+00   0.930878E+07   0.930878E+07   0.629693E+01
   0.116265E-04   0.201221E+08   0.201221E+08   0.268088E+08   0.268081E+08   0.000000E+00   0.201221E+08   0.201221E+08   0.201305E+08  -0.447935E+00   0.930878E+07   0.930878E+07   0.765529E+01
   0.141355E-04   0.201221E+08   0.201221E+08   0.267988E+08   0.267978E+08   0.000000E+00   0.201221E+08   0.201221E+08   0.201305E+08  -0.447934E+00   0.930877E+07   0.930877E+07   0.930638E+01
   0.171858E-04   0.201221E+08   0.201221E+08   0.267841E+08   0.267826E+08   0.000000E+00   0.201221E+08   0.201221E+08   0.201305E+08  -0.447933E+00   0.930875E+07   0.930875E+07   0.113131E+02
   0.208944E-04   0.201220E+08   0.201220E+08   0.267624E+08   0.267602E+08   0.000000E+00   0.201220E+08   0.201220E+08   0.201304E+08  -0.447932E+00   0.930873E+07   0.930873E+07   0.137515E+02
   0.254033E-04   0.201220E+08   0.201220E+08   0.267304E+08   0.267271E+08   0.000000E+00   0.201220E+08   0.201220E+08   0.201303E+08  -0.447930E+00   0.930870E+07   0.930870E+07   0.167139E+02
   0.308853E-04   0.201219E+08   0.201219E+08   0.266831E+08   0.266782E+08   0.000000E+00   0.201219E+08   0.201219E+08   0.201302E+08  -0.447927E+00   0.930865E+07   0.930865E+07   0.203116E+02
   0.375501E-04   0.201217E+08   0.201217E+08   0.266133E+08   0.266061E+08   0.000000E+00   0.201217E+08   0.201217E+08   0.201300E+08  -0.447923E+00   0.930858E+07   0.930858E+07   0.246782E+02
   0.456533E-04   0.201215E+08   0.201215E+08   0.265104E+08   0.264999E+08   0.000000E+00   0.201215E+08   0.201215E+08   0.201298E+08  -0.447917E+00   0.930848E+07   0.930847E+07   0.299741E+02
   0.555050E-04   0.201212E+08   0.201212E+08   0.263590E+08   0.263436E+08   0.000000E+00   0.201212E+08   0.201212E+08   0.201294E+08  -0.447907E+00   0.930832E+07   0.930832E+07   0.363894E+02
   0.674827E-04   0.201207E+08   0.201207E+08   0.261367E+08   0.261140E+08   0.000000E+00   0.201207E+08   0.201207E+08   0.201289E+08  -0.447894E+00   0.930810E+07   0.930809E+07   0.441471E+02
   0.820451E-04   0.201200E+08   0.201200E+08   0.258112E+08   0.257780E+08   0.000000E+00   0.201200E+08   0.201200E+08   0.201281E+08  -0.447873E+00   0.930776E+07   0.930775E+07   0.535038E+02
   0.997501E-04   0.201190E+08   0.201189E+08   0.253369E+08   0.252885E+08   0.000000E+00   0.201190E+08   0.201190E+08   0.201269E+08  -0.447844E+00   0.930727E+07   0.930725E+07   0.647459E+02
   0.121276E-03   0.201174E+08   0.201173E+08   0.246504E+08   0.245804E+08   0.000000E+00   0.201174E+08   0.201174E+08   0.201251E+08  -0.447800E+00   0.930655E+07   0.930652E+07   0.781764E+02
   0.147446E-03   0.201152E+08   0.201150E+08   0.236667E+08   0.235666E+08   0.000000E+00   0.201152E+08   0.201152E+08   0.201225E+08  -0.447736E+00   0.930548E+07   0.930544E+07   0.940859E+02
   0.179264E-03   0.201119E+08   0.201116E+08   0.222785E+08   0.221376E+08   0.000000E+00   0.201118E+08   0.201118E+08   0.201188E+08  -0.447642E+00   0.930392E+07   0.930386E+07   0.112695E+03
   0.217949E-03   0.201070E+08   0.201067E+08   0.203631E+08   0.201697E+08   0.000000E+00   0.201070E+08   0.201070E+08   0.201133E+08  -0.447507E+00   0.930162E+07   0.930153E+07   0.134050E+03
   0.264981E-03   0.201000E+08   0.200994E+08   0.178085E+08   0.175526E+08   0.000000E+00   0.200999E+08   0.200999E+08   0.201054E+08  -0.447311E+00   0.929827E+07   0.929814E+07   0.157861E+03
   0.322163E-03   0.200897E+08   0.200889E+08   0.145726E+08   0.142525E+08   0.000000E+00   0.200895E+08   0.200895E+08   0.200941E+08  -0.447033E+00   0.929340E+07   0.929323E+07   0.183258E+03
   0.391684E-03   0.200749E+08   0.200738E+08   0.107854E+08   0.104189E+08   0.000000E+00   0.200747E+08   0.200747E+08   0.200780E+08  -0.446642E+00   0.928640E+07   0.928616E+07   0.208508E+03
   0.476207E-03   0.200538E+08   0.200524E+08   0.687061E+07   0.650801E+07   0.000000E+00   0.200536E+08   0.200536E+08   0.200557E+08  -0.446103E+00   0.927644E+07   0.927610E+07   0.230815E+03
   0.578970E-03   0.200243E+08   0.200222E+08   0.356310E+07   0.328692E+07   0.000000E+00   0.200239E+08   0.200239E+08   0.200250E+08  -0.445374E+00   0.926244E+07   0.926202E+07   0.246497E+03
   0.703909E-03   0.199833E+08   0.199807E+08   0.158281E+07   0.146955E+07   0.000000E+00   0.199829E+08   0.199829E+08   0.199833E+08  -0.444406E+00   0.924314E+07   0.924261E+07   0.251892E+03
   0.855809E-03   0.199277E+08   0.199243E+08   0.915564E+06   0.954524E+06   0.000000E+00   0.199271E+08   0.199271E+08   0.199274E+08  -0.443131E+00   0.921702E+07   0.921639E+07   0.244922E+03
   0.104049E-02   0.198532E+08   0.198492E+08   0.599194E+06   0.670336E+06   0.000000E+00   0.198525E+08   0.198525E+08   0.198527E+08  -0.441454E+00   0.918224E+07   0.918154E+07   0.226121E+03
   0.126502E-02   0.197549E+08   0.197504E+08   0.154599E+06   0.193923E+06   0.000000E+00   0.197541E+08   0.197541E+08   0.197541E+08  -0.439253E+00   0.913653E+07   0.913578E+07   0.197903E+03
   0.153801E-02   0.196266E+08   0.196218E+08   0.523598E+05  -0.323300E+06   0.000000E+00   0.196257E+08   0.196257E+08   0.196257E+08  -0.436388E+00   0.907704E+07   0.907629E+07   0.164125E+03
   0.186990E-02   0.194610E+08   0.194563E+08  -0.661028E+05  -0.216850E+06   0.000000E+00   0.194602E+08   0.194602E+08   0.194601E+08  -0.432703E+00   0.900037E+07   0.899964E+07   0.130824E+03
   0.227342E-02   0.192499E+08   0.192452E+08  -0.381522E+05  -0.145101E+06   0.000000E+00   0.192490E+08   0.192490E+08   0.192490E+08  -0.428006E+00   0.890264E+07   0.890193E+07   0.103624E+03
   0.276401E-02   0.189837E+08   0.189788E+08  -0.348190E+05  -0.968008E+05   0.000000E+00   0.189828E+08   0.189828E+08   0.189828E+08  -0.422085E+00   0.877946E+07   0.877876E+07   0.843290E+02
   0.336047E-02   0.186523E+08   0.186469E+08  -0.469942E+05  -0.643418E+05   0.000000E+00   0.186513E+08   0.186513E+08   0.186513E+08  -0.414713E+00   0.862612E+07   0.862542E+07   0.694644E+02
   0.408564E-02   0.182450E+08   0.182389E+08  -0.316928E+05  -0.425766E+05   0.000000E+00   0.182439E+08   0.182439E+08   0.182439E+08  -0.405653E+00   0.843766E+07   0.843697E+07   0.561507E+02
   0.496730E-02   0.177506E+08   0.177437E+08  -0.254009E+05  -0.280227E+05   0.000000E+00   0.177494E+08   0.177494E+08   0.177494E+08  -0.394657E+00   0.820893E+07   0.820825E+07   0.457087E+02
   0.603922E-02   0.171581E+08   0.171497E+08  -0.179577E+05  -0.183245E+05   0.000000E+00   0.171566E+08   0.171566E+08   0.171566E+08  -0.381476E+00   0.793476E+07   0.793408E+07   0.371342E+02
   0.734245E-02   0.164561E+08   0.164459E+08  -0.120854E+05  -0.118894E+05   0.000000E+00   0.164543E+08   0.164543E+08   0.164543E+08  -0.365860E+00   0.760995E+07   0.760929E+07   0.300525E+02
   0.892691E-02   0.156360E+08   0.156231E+08  -0.180205E+03  -0.764221E+04   0.000000E+00   0.156337E+08   0.156337E+08   0.156337E+08  -0.347613E+00   0.723042E+07   0.722977E+07   0.243885E+02
   0.108533E-01   0.146825E+08   0.146659E+08  -0.396173E+04  -0.485454E+04   0.000000E+00   0.146795E+08   0.146795E+08   0.146795E+08  -0.326397E+00   0.678912E+07   0.678848E+07   0.198878E+02
   0.131954E-01   0.135944E+08   0.135728E+08  -0.602070E+03  -0.304057E+04   0.000000E+00   0.135905E+08   0.135905E+08   0.135905E+08  -0.302184E+00   0.628549E+07   0.628484E+07   0.163194E+02
   0.160429E-01   0.123568E+08   0.123290E+08  -0.222873E+04  -0.186953E+04   0.000000E+00   0.123518E+08   0.123518E+08   0.123518E+08  -0.274641E+00   0.571261E+07   0.571196E+07   0.134465E+02
   0.195048E-01   0.109837E+08   0.109486E+08  -0.682684E+03  -0.112405E+04   0.000000E+00   0.109774E+08   0.109774E+08   0.109774E+08  -0.244082E+00   0.507698E+07   0.507633E+07   0.111007E+02
   0.234058E-01   0.960078E+07   0.955879E+07  -0.247426E+03  -0.682175E+03   0.000000E+00   0.959322E+07   0.959322E+07   0.959322E+07  -0.213305E+00   0.443681E+07   0.443617E+07   0.919393E+01
   0.273068E-01   0.839796E+07   0.835134E+07  -0.106197E+03  -0.438313E+03   0.000000E+00   0.838957E+07   0.838957E+07   0.838957E+07  -0.186541E+00   0.388014E+07   0.387951E+07   0.768319E+01
   0.312078E-01   0.737813E+07   0.732959E+07  -0.166259E+03  -0.294780E+03   0.000000E+00   0.736939E+07   0.736939E+07   0.736939E+07  -0.163858E+00   0.340832E+07   0.340773E+07   0.639262E+01
   0.351087E-01   0.653729E+07   0.648959E+07  -0.864526E+02  -0.206344E+03   0.000000E+00   0.652870E+07   0.652870E+07   0.652870E+07  -0.145165E+00   0.301951E+07   0.301896E+07   0.525054E+01
   0.390097E-01   0.586244E+07   0.581801E+07  -0.850252E+02  -0.149877E+03   0.000000E+00   0.585444E+07   0.585444E+07   0.585444E+07  -0.130173E+00   0.270767E+07   0.270717E+07   0.423919E+01
   0.429107E-01   0.533017E+07   0.529078E+07   0.628183E+02  -0.112622E+03   0.000000E+00   0.532308E+07   0.532308E+07   0.532308E+07  -0.118358E+00   0.246191E+07   0.246148E+07   0.336130E+01
   0.468116E-01   0.491985E+07   0.488646E+07   0.487294E+02  -0.873572E+02   0.000000E+00   0.491384E+07   0.491384E+07   0.491384E+07  -0.109259E+00   0.227263E+07   0.227226E+07   0.262556E+01
   0.507126E-01   0.459511E+07   0.456782E+07   0.387887E+02  -0.695310E+02   0.000000E+00   0.459020E+07   0.459020E+07   0.459020E+07  -0.102063E+00   0.212294E+07   0.212263E+07   0.203464E+01
   0.546136E-01   0.432661E+07   0.430481E+07   0.314982E+02  -0.564579E+02   0.000000E+00   0.432269E+07   0.432269E+07   0.432269E+07  -0.961146E-01   0.199921E+07   0.199895E+07   0.158484E+01
   0.585145E-01   0.409018E+07   0.407270E+07   0.259439E+02  -0.464994E+02   0.000000E+00   0.408703E+07   0.408703E+07   0.408703E+07  -0.908748E-01   0.189022E+07   0.189000E+07   0.126384E+01
   0.624155E-01   0.386731E+07   0.385273E+07   0.215624E+02  -0.386450E+02   0.000000E+00   0.386468E+07   0.386468E+07   0.386468E+07  -0.859310E-01   0.178738E+07   0.178719E+07   0.105220E+01
   0.663165E-01   0.364683E+07   0.363369E+07   0.180119E+02  -0.322815E+02   0.000000E+00   0.364446E+07   0.364446E+07   0.364446E+07  -0.810344E-01   0.168553E+07   0.168535E+07   0.925834E+00
   0.702175E-01   0.342405E+07   0.341111E+07   0.150839E+02  -0.270346E+02   0.000000E+00   0.342172E+07   0.342172E+07   0.342172E+07  -0.760816E-01   0.158252E+07   0.158234E+07   0.858879E+00
   0.741184E-01   0.319968E+07   0.318605E+07   0.126492E+02  -0.226720E+02   0.000000E+00   0.319723E+07   0.319723E+07   0.319723E+07  -0.710901E-01   0.147869E+07   0.147851E+07   0.826731E+00
   0.780194E-01   0.297947E+07   0.296470E+07   0.106284E+02  -0.190512E+02   0.000000E+00   0.297681E+07   0.297681E+07   0.297681E+07  -0.661892E-01   0.137676E+07   0.137657E+07   0.808643E+00
   0.819204E-01   0.277065E+07   0.275472E+07   0.896281E+01  -0.160668E+02   0.000000E+00   0.276778E+07   0.276778E+07   0.276778E+07  -0.615414E-01   0.128008E+07   0.127989E+07   0.789128E+00
   0.867524E-01   0.253804E+07   0.252119E+07   0.731960E+01  -0.131221E+02   0.000000E+00   0.253501E+07   0.253501E+07   0.253501E+07  -0.563657E-01   0.117243E+07   0.117224E+07   0.749164E+00
   0.915844E-01   0.234315E+07   0.232628E+07   0.606248E+01  -0.108689E+02   0.000000E+00   0.234011E+07   0.234011E+07   0.234011E+07  -0.520321E-01   0.108229E+07   0.108210E+07   0.686341E+00
   0.964164E-01   0.218923E+07   0.217335E+07   0.511070E+01  -0.916245E+01   0.000000E+00   0.218637E+07   0.218637E+07   0.218637E+07  -0.486137E-01   0.101119E+07   0.101101E+07   0.604588E+00
   0.101248E+00   0.207203E+07   0.205793E+07   0.438696E+01  -0.786454E+01   0.000000E+00   0.206949E+07   0.206949E+07   0.206949E+07  -0.460150E-01   0.957131E+06   0.956975E+06   0.513922E+00
   0.106080E+00   0.198170E+07   0.196977E+07   0.382295E+01  -0.685293E+01   0.000000E+00   0.197955E+07   0.197955E+07   0.197955E+07  -0.440152E-01   0.915532E+06   0.915397E+06   0.426134E+00
   0.110912E+00   0.190626E+07   0.189643E+07   0.336472E+01  -0.603105E+01   0.000000E+00   0.190449E+07   0.190449E+07   0.190449E+07  -0.423463E-01   0.880816E+06   0.880699E+06   0.351226E+00
   0.115744E+00   0.183465E+07   0.182649E+07   0.297409E+01  -0.533056E+01   0.000000E+00   0.183318E+07   0.183318E+07   0.183318E+07  -0.407605E-01   0.847831E+06   0.847728E+06   0.295162E+00
   0.120576E+00   0.175906E+07   0.175192E+07   0.262783E+01  -0.470982E+01   0.000000E+00   0.175777E+07   0.175777E+07   0.175777E+07  -0.390839E-01   0.812956E+06   0.812862E+06   0.259180E+00
   0.125408E+00   0.167641E+07   0.166960E+07   0.231508E+01  -0.414931E+01   0.000000E+00   0.167518E+07   0.167518E+07   0.167518E+07  -0.372475E-01   0.774758E+06   0.774668E+06   0.240434E+00
   0.130240E+00   0.158779E+07   0.158078E+07   0.203282E+01  -0.364356E+01   0.000000E+00   0.158653E+07   0.158653E+07   0.158653E+07  -0.352763E-01   0.733758E+06   0.733666E+06   0.233422E+00
   0.135072E+00   0.149678E+07   0.148927E+07   0.178138E+01  -0.319306E+01   0.000000E+00   0.149543E+07   0.149543E+07   0.149543E+07  -0.332508E-01   0.691627E+06   0.691533E+06   0.231722E+00
   0.139904E+00   0.140828E+07   0.140023E+07   0.156200E+01  -0.280001E+01   0.000000E+00   0.140683E+07   0.140683E+07   0.140683E+07  -0.312808E-01   0.650653E+06   0.650556E+06   0.229650E+00
   0.144736E+00   0.132768E+07   0.131929E+07   0.137572E+01  -0.246620E+01   0.000000E+00   0.132617E+07   0.132617E+07   0.132617E+07  -0.294873E-01   0.613349E+06   0.613252E+06   0.223420E+00
   0.149568E+00   0.125916E+07   0.125077E+07   0.122167E+01  -0.219011E+01   0.000000E+00   0.125765E+07   0.125765E+07   0.125765E+07  -0.279637E-01   0.581657E+06   0.581562E+06   0.211550E+00
   0.154400E+00   0.120386E+07   0.119583E+07   0.109606E+01  -0.196491E+01   0.000000E+00   0.120241E+07   0.120241E+07   0.120241E+07  -0.267356E-01   0.556111E+06   0.556021E+06   0.194599E+00
   0.159232E+00   0.115995E+07   0.115257E+07   0.993042E+00  -0.178017E+01   0.000000E+00   0.115862E+07   0.115862E+07   0.115862E+07  -0.257618E-01   0.535856E+06   0.535773E+06   0.174547E+00
   0.164064E+00   0.112418E+07   0.111760E+07   0.906681E+00  -0.162528E+01   0.000000E+00   0.112299E+07   0.112299E+07   0.112299E+07  -0.249697E-01   0.519378E+06   0.519303E+06   0.154026E+00
   0.168896E+00   0.109298E+07   0.108721E+07   0.831923E+00  -0.149119E+01   0.000000E+00   0.109194E+07   0.109194E+07   0.109194E+07  -0.242793E-01   0.505017E+06   0.504949E+06   0.135525E+00
   0.173728E+00   0.106278E+07   0.105766E+07   0.764647E+00  -0.137055E+01   0.000000E+00   0.106186E+07   0.106186E+07   0.106186E+07  -0.236103E-01   0.491101E+06   0.491038E+06   0.120768E+00
   0.178560E+00   0.103057E+07   0.102588E+07   0.701929E+00  -0.125811E+01   0.000000E+00   0.102972E+07   0.102972E+07   0.102972E+07  -0.228958E-01   0.476239E+06   0.476180E+06   0.110418E+00
   0.183392E+00   0.994995E+06   0.990491E+06   0.642462E+00  -0.115153E+01   0.000000E+00   0.994184E+06   0.994184E+06   0.994184E+06  -0.221056E-01   0.459803E+06   0.459746E+06   0.104141E+00
   0.188224E+00   0.956595E+06   0.952073E+06   0.586330E+00  -0.105094E+01   0.000000E+00   0.955781E+06   0.955781E+06   0.955781E+06  -0.212517E-01   0.442042E+06   0.441985E+06   0.100883E+00
   0.193056E+00   0.916980E+06   0.912317E+06   0.534217E+00  -0.957565E+00   0.000000E+00   0.916140E+06   0.916140E+06   0.916140E+06  -0.203703E-01   0.423709E+06   0.423652E+06   0.992259E-01
   0.197888E+00   0.878030E+06   0.873199E+06   0.486799E+00  -0.872602E+00   0.000000E+00   0.877160E+06   0.877160E+06   0.877160E+06  -0.195036E-01   0.405682E+06   0.405624E+06   0.977710E-01
   0.202720E+00   0.841582E+06   0.836640E+06   0.444572E+00  -0.796934E+00   0.000000E+00   0.840693E+06   0.840693E+06   0.840693E+06  -0.186927E-01   0.388816E+06   0.388758E+06   0.954648E-01
   0.207552E+00   0.809151E+06   0.804212E+06   0.407747E+00  -0.730934E+00   0.000000E+00   0.808262E+06   0.808262E+06   0.808262E+06  -0.179716E-01   0.373817E+06   0.373760E+06   0.917770E-01
   0.212384E+00   0.781456E+06   0.776650E+06   0.376073E+00  -0.674155E+00   0.000000E+00   0.780591E+06   0.780591E+06   0.780591E+06  -0.173564E-01   0.361019E+06   0.360964E+06   0.867054E-01
   0.217216E+00   0.758207E+06   0.753649E+06   0.348844E+00  -0.625335E+00   0.000000E+00   0.757387E+06   0.757387E+06   0.757387E+06  -0.168404E-01   0.350288E+06   0.350235E+06   0.806558E-01
   0.222048E+00   0.738383E+06   0.734139E+06   0.325121E+00  -0.582794E+00   0.000000E+00   0.737619E+06   0.737619E+06   0.737619E+06  -0.164009E-01   0.341145E+06   0.341095E+06   0.742625E-01
   0.226880E+00   0.720646E+06   0.716730E+06   0.303963E+00  -0.544853E+00   0.000000E+00   0.719941E+06   0.719941E+06   0.719941E+06  -0.160078E-01   0.332968E+06   0.332922E+06   0.681914E-01
   0.231712E+00   0.703627E+06   0.700001E+06   0.284555E+00  -0.510053E+00   0.000000E+00   0.702974E+06   0.702974E+06   0.702974E+06  -0.156306E-01   0.325121E+06   0.325077E+06   0.629686E-01
   0.236544E+00   0.686186E+06   0.682776E+06   0.266292E+00  -0.477310E+00   0.000000E+00   0.685572E+06   0.685572E+06   0.685572E+06  -0.152436E-01   0.317072E+06   0.317031E+06   0.588749E-01
   0.241376E+00   0.667704E+06   0.664422E+06   0.248852E+00  -0.446049E+00   0.000000E+00   0.667113E+06   0.667113E+06   0.667113E+06  -0.148332E-01   0.308535E+06   0.308495E+06   0.559254E-01
   0.246208E+00   0.648199E+06   0.644966E+06   0.232189E+00  -0.416185E+00   0.000000E+00   0.647617E+06   0.647617E+06   0.647617E+06  -0.143997E-01   0.299519E+06   0.299479E+06   0.539150E-01
   0.251040E+00   0.628146E+06   0.624906E+06   0.216418E+00  -0.387922E+00   0.000000E+00   0.627563E+06   0.627563E+06   0.627563E+06  -0.139538E-01   0.290244E+06   0.290204E+06   0.525028E-01
   0.255872E+00   0.608200E+06   0.604931E+06   0.201695E+00  -0.361540E+00   0.000000E+00   0.607612E+06   0.607612E+06   0.607612E+06  -0.135102E-01   0.281017E+06   0.280978E+06   0.513105E-01
   0.260704E+00   0.589040E+06   0.585752E+06   0.188158E+00  -0.337279E+00   0.000000E+00   0.588448E+06   0.588448E+06   0.588448E+06  -0.130841E-01   0.272154E+06   0.272115E+06   0.500157E-01
   0.265536E+00   0.571275E+06   0.568000E+06   0.175895E+00  -0.315303E+00   0.000000E+00   0.570686E+06   0.570686E+06   0.570686E+06  -0.126891E-01   0.263939E+06   0.263900E+06   0.484169E-01
   0.270368E+00   0.555295E+06   0.552079E+06   0.164916E+00  -0.295623E+00   0.000000E+00   0.554716E+06   0.554716E+06   0.554716E+06  -0.123341E-01   0.256553E+06   0.256515E+06   0.464549E-01
   0.275200E+00   0.541132E+06   0.538017E+06   0.155117E+00  -0.278057E+00   0.000000E+00   0.540571E+06   0.540571E+06   0.540571E+06  -0.120196E-01   0.250011E+06   0.249975E+06   0.441949E-01
   0.280032E+00   0.528483E+06   0.525500E+06   0.146313E+00  -0.262271E+00   0.000000E+00   0.527946E+06   0.527946E+06   0.527946E+06  -0.117388E-01   0.244172E+06   0.244137E+06   0.417844E-01
   0.284864E+00   0.516880E+06   0.514041E+06   0.138292E+00  -0.247891E+00   0.000000E+00   0.516369E+06   0.516369E+06   0.516369E+06  -0.114814E-01   0.238817E+06   0.238784E+06   0.394037E-01
   0.289696E+00   0.505846E+06   0.503144E+06   0.130868E+00  -0.234579E+00   0.000000E+00   0.505359E+06   0.505359E+06   0.505359E+06  -0.112366E-01   0.233726E+06   0.233693E+06   0.372174E-01
   0.294528E+00   0.494967E+06   0.492380E+06   0.123890E+00  -0.222069E+00   0.000000E+00   0.494501E+06   0.494501E+06   0.494501E+06  -0.109952E-01   0.228704E+06   0.228672E+06   0.353363E-01
   0.299360E+00   0.483934E+06   0.481432E+06   0.117251E+00  -0.210168E+00   0.000000E+00   0.483483E+06   0.483483E+06   0.483483E+06  -0.107502E-01   0.223608E+06   0.223578E+06   0.337983E-01
   0.304192E+00   0.472617E+06   0.470170E+06   0.110900E+00  -0.198784E+00   0.000000E+00   0.472176E+06   0.472176E+06   0.472176E+06  -0.104988E-01   0.218379E+06   0.218349E+06   0.325729E-01
   0.309024E+00   0.461104E+06   0.458687E+06   0.104839E+00  -0.187923E+00   0.000000E+00   0.460669E+06   0.460669E+06   0.460669E+06  -0.102429E-01   0.213057E+06   0.213027E+06   0.315816E-01
   0.313856E+00   0.449633E+06   0.447232E+06   0.991052E-01  -0.177646E+00   0.000000E+00   0.449201E+06   0.449201E+06   0.449201E+06  -0.998795E-02   0.207753E+06   0.207724E+06   0.307227E-01
   0.318688E+00   0.438464E+06   0.436076E+06   0.937325E-01  -0.168017E+00   0.000000E+00   0.438034E+06   0.438034E+06   0.438034E+06  -0.973966E-02   0.202588E+06   0.202560E+06   0.298972E-01
   0.323520E+00   0.427806E+06   0.425440E+06   0.887407E-01  -0.159070E+00   0.000000E+00   0.427380E+06   0.427380E+06   0.427380E+06  -0.950276E-02   0.197661E+06   0.197633E+06   0.290294E-01
   0.328352E+00   0.417807E+06   0.415475E+06   0.841336E-01  -0.150812E+00   0.000000E+00   0.417387E+06   0.417387E+06   0.417387E+06  -0.928058E-02   0.193039E+06   0.193012E+06   0.280808E-01
   0.333184E+00   0.408542E+06   0.406259E+06   0.798989E-01  -0.143221E+00   0.000000E+00   0.408131E+06   0.408131E+06   0.408131E+06  -0.907476E-02   0.188758E+06   0.188731E+06   0.270516E-01
   0.338016E+00   0.399977E+06   0.397756E+06   0.760041E-01  -0.136239E+00   0.000000E+00   0.399577E+06   0.399577E+06   0.399577E+06  -0.888456E-02   0.184802E+06   0.184776E+06   0.259718E-01
   0.342848E+00   0.391975E+06   0.389823E+06   0.724000E-01  -0.129778E+00   0.000000E+00   0.391587E+06   0.391587E+06   0.391587E+06  -0.870692E-02   0.181107E+06   0.181081E+06   0.248878E-01
   0.347680E+00   0.384355E+06   0.382273E+06   0.690342E-01  -0.123744E+00   0.000000E+00   0.383980E+06   0.383980E+06   0.383980E+06  -0.853776E-02   0.177588E+06   0.177564E+06   0.238484E-01
   0.352512E+00   0.376953E+06   0.374936E+06   0.658625E-01  -0.118058E+00   0.000000E+00   0.376590E+06   0.376590E+06   0.376590E+06  -0.837346E-02   0.174171E+06   0.174147E+06   0.228934E-01
   0.357344E+00   0.369645E+06   0.367682E+06   0.628515E-01  -0.112660E+00   0.000000E+00   0.369292E+06   0.369292E+06   0.369292E+06  -0.821118E-02   0.170795E+06   0.170772E+06   0.220448E-01
   0.362176E+00   0.362350E+06   0.360430E+06   0.599781E-01  -0.107510E+00   0.000000E+00   0.362004E+06   0.362004E+06   0.362004E+06  -0.804914E-02   0.167425E+06   0.167402E+06   0.213044E-01
   0.367008E+00   0.355050E+06   0.353164E+06   0.572323E-01  -0.102588E+00   0.000000E+00   0.354711E+06   0.354711E+06   0.354711E+06  -0.788697E-02   0.164052E+06   0.164029E+06   0.206566E-01
   0.371840E+00   0.347800E+06   0.345940E+06   0.546155E-01  -0.978981E-01   0.000000E+00   0.347465E+06   0.347465E+06   0.347465E+06  -0.772587E-02   0.160701E+06   0.160678E+06   0.200754E-01
   0.376672E+00   0.340685E+06   0.338847E+06   0.521339E-01  -0.934502E-01   0.000000E+00   0.340354E+06   0.340354E+06   0.340354E+06  -0.756776E-02   0.157412E+06   0.157390E+06   0.195313E-01
   0.381504E+00   0.333782E+06   0.331966E+06   0.497912E-01  -0.892514E-01   0.000000E+00   0.333455E+06   0.333455E+06   0.333455E+06  -0.741435E-02   0.154221E+06   0.154199E+06   0.189981E-01
   0.386336E+00   0.327149E+06   0.325358E+06   0.475882E-01  -0.853026E-01   0.000000E+00   0.326826E+06   0.326826E+06   0.326826E+06  -0.726695E-02   0.151155E+06   0.151134E+06   0.184576E-01
   0.391168E+00   0.320829E+06   0.319068E+06   0.455230E-01  -0.816007E-01   0.000000E+00   0.320512E+06   0.320512E+06   0.320512E+06  -0.712656E-02   0.148235E+06   0.148214E+06   0.179030E-01
   0.396000E+00   0.314838E+06   0.313111E+06   0.435893E-01  -0.781346E-01   0.000000E+00   0.314527E+06   0.314527E+06   0.314527E+06  -0.699348E-02   0.145467E+06   0.145446E+06   0.173376E-01
   0.400832E+00   0.309141E+06   0.307453E+06   0.417752E-01  -0.748826E-01   0.000000E+00   0.308837E+06   0.308837E+06   0.308837E+06  -0.686697E-02   0.142835E+06   0.142815E+06   0.167714E-01
   0.405664E+00   0.303678E+06   0.302028E+06   0.400654E-01  -0.718176E-01   0.000000E+00   0.303381E+06   0.303381E+06   0.303381E+06  -0.674565E-02   0.140312E+06   0.140292E+06   0.162177E-01
   0.410496E+00   0.298389E+06   0.296777E+06   0.384466E-01  -0.689157E-01   0.000000E+00   0.298099E+06   0.298099E+06   0.298099E+06  -0.662821E-02   0.137869E+06   0.137850E+06   0.156894E-01
   0.415328E+00   0.293230E+06   0.291653E+06   0.369081E-01  -0.661577E-01   0.000000E+00   0.292946E+06   0.292946E+06   0.292946E+06  -0.651364E-02   0.135486E+06   0.135467E+06   0.151961E-01
   0.420160E+00   0.288159E+06   0.286614E+06   0.354405E-01  -0.635271E-01   0.000000E+00   0.287881E+06   0.287881E+06   0.287881E+06  -0.640102E-02   0.133143E+06   0.133125E+06   0.147416E-01
   0.424992E+00   0.283148E+06   0.281630E+06   0.340368E-01  -0.610110E-01   0.000000E+00   0.282875E+06   0.282875E+06   0.282875E+06  -0.628970E-02   0.130828E+06   0.130810E+06   0.143243E-01
   0.429824E+00   0.278195E+06   0.276701E+06   0.326937E-01  -0.586035E-01   0.000000E+00   0.277926E+06   0.277926E+06   0.277926E+06  -0.617967E-02   0.128539E+06   0.128521E+06   0.139381E-01
   0.434656E+00   0.273327E+06   0.271854E+06   0.314113E-01  -0.563048E-01   0.000000E+00   0.273062E+06   0.273062E+06   0.273062E+06  -0.607151E-02   0.126290E+06   0.126272E+06   0.135753E-01
   0.439488E+00   0.268573E+06   0.267121E+06   0.301898E-01  -0.541155E-01   0.000000E+00   0.268312E+06   0.268312E+06   0.268312E+06  -0.596590E-02   0.124093E+06   0.124075E+06   0.132272E-01
   0.444320E+00   0.263952E+06   0.262520E+06   0.290284E-01  -0.520338E-01   0.000000E+00   0.263695E+06   0.263695E+06   0.263695E+06  -0.586323E-02   0.121957E+06   0.121940E+06   0.128867E-01
   0.449152E+00   0.259477E+06   0.258066E+06   0.279255E-01  -0.500568E-01   0.000000E+00   0.259223E+06   0.259223E+06   0.259223E+06  -0.576381E-02   0.119889E+06   0.119872E+06   0.125493E-01
   0.453984E+00   0.255160E+06   0.253771E+06   0.268794E-01  -0.481816E-01   0.000000E+00   0.254910E+06   0.254910E+06   0.254910E+06  -0.566789E-02   0.117894E+06   0.117878E+06   0.122137E-01
   0.458816E+00   0.251001E+06   0.249636E+06   0.258873E-01  -0.464033E-01   0.000000E+00   0.250755E+06   0.250755E+06   0.250755E+06  -0.557553E-02   0.115973E+06   0.115957E+06   0.118814E-01
   0.463648E+00   0.246986E+06   0.245645E+06   0.249451E-01  -0.447143E-01   0.000000E+00   0.246744E+06   0.246744E+06   0.246744E+06  -0.548634E-02   0.114118E+06   0.114102E+06   0.115553E-01
   0.468480E+00   0.243089E+06   0.241773E+06   0.240477E-01  -0.431057E-01   0.000000E+00   0.242852E+06   0.242852E+06   0.242852E+06  -0.539979E-02   0.112318E+06   0.112302E+06   0.112389E-01
   0.473312E+00   0.239291E+06   0.237998E+06   0.231912E-01  -0.415704E-01   0.000000E+00   0.239058E+06   0.239058E+06   0.239058E+06  -0.531544E-02   0.110563E+06   0.110547E+06   0.109355E-01
   0.478144E+00   0.235578E+06   0.234307E+06   0.223723E-01  -0.401024E-01   0.000000E+00   0.235349E+06   0.235349E+06   0.235349E+06  -0.523297E-02   0.108848E+06   0.108832E+06   0.106473E-01
   0.484636E+00   0.230700E+06   0.229456E+06   0.213260E-01  -0.382270E-01   0.000000E+00   0.230476E+06   0.230476E+06   0.230476E+06  -0.512461E-02   0.106594E+06   0.106579E+06   0.102848E-01
   0.504019E+00   0.216849E+06   0.215676E+06   0.185334E-01  -0.332214E-01   0.000000E+00   0.216638E+06   0.216638E+06   0.216638E+06  -0.481693E-02   0.100194E+06   0.100180E+06   0.933035E-02
   0.524177E+00   0.203850E+06   0.202747E+06   0.161082E-01  -0.288741E-01   0.000000E+00   0.203652E+06   0.203652E+06   0.203652E+06  -0.452818E-02   0.941877E+05   0.941744E+05   0.844009E-02
   0.545141E+00   0.191687E+06   0.190652E+06   0.140045E-01  -0.251031E-01   0.000000E+00   0.191500E+06   0.191500E+06   0.191500E+06  -0.425799E-02   0.885677E+05   0.885553E+05   0.762212E-02
   0.566944E+00   0.180115E+06   0.179141E+06   0.121664E-01  -0.218084E-01   0.000000E+00   0.179940E+06   0.179940E+06   0.179940E+06  -0.400095E-02   0.832211E+05   0.832094E+05   0.690033E-02
   0.589619E+00   0.169235E+06   0.168320E+06   0.105691E-01  -0.189453E-01   0.000000E+00   0.169070E+06   0.169070E+06   0.169070E+06  -0.375927E-02   0.781941E+05   0.781830E+05   0.623813E-02
   0.736345E+00   0.118489E+06   0.117848E+06   0.474466E-02  -0.850487E-02   0.000000E+00   0.118373E+06   0.118373E+06   0.118373E+06  -0.263202E-02   0.547469E+05   0.547392E+05   0.351777E-02
   0.919583E+00   0.824832E+05   0.820375E+05   0.211774E-02  -0.379610E-02   0.000000E+00   0.824030E+05   0.824030E+05   0.824030E+05  -0.183222E-02   0.381109E+05   0.381055E+05   0.198016E-02
   0.114842E+01   0.571257E+05   0.568169E+05   0.940405E-03  -0.168571E-02   0.000000E+00   0.570701E+05   0.570701E+05   0.570701E+05  -0.126895E-02   0.263946E+05   0.263907E+05   0.111512E-02
   0.143420E+01   0.393810E+05   0.391681E+05   0.415667E-03  -0.745110E-03   0.000000E+00   0.393427E+05   0.393427E+05   0.393427E+05  -0.874782E-03   0.181958E+05   0.181931E+05   0.630324E-03
   0.179110E+01   0.270350E+05   0.268887E+05   0.182960E-03  -0.327975E-03   0.000000E+00   0.270087E+05   0.270087E+05   0.270087E+05  -0.600535E-03   0.124914E+05   0.124894E+05   0.359218E-03
   0.223682E+01   0.184891E+05   0.183889E+05   0.802256E-04  -0.143817E-03   0.000000E+00   0.184710E+05   0.184710E+05   0.184710E+05  -0.410702E-03   0.854275E+04   0.854136E+04   0.207614E-03
   0.279345E+01   0.126010E+05   0.125325E+05   0.350560E-04  -0.628466E-04   0.000000E+00   0.125887E+05   0.125887E+05   0.125887E+05  -0.279908E-03   0.582220E+04   0.582118E+04   0.122592E-03
   0.348859E+01   0.856105E+04   0.851434E+04   0.152698E-04  -0.273770E-04   0.000000E+00   0.855264E+04   0.855264E+04   0.855264E+04  -0.190167E-03   0.395556E+04   0.395478E+04   0.745803E-04
   0.435673E+01   0.579960E+04   0.576775E+04   0.663184E-05  -0.118916E-04   0.000000E+00   0.579387E+04   0.579387E+04   0.579387E+04  -0.128826E-03   0.267965E+04   0.267903E+04   0.471326E-04
   0.544089E+01   0.391855E+04   0.389681E+04   0.287252E-05  -0.515173E-05   0.000000E+00   0.391463E+04   0.391463E+04   0.391463E+04  -0.870416E-04   0.181052E+04   0.181001E+04   0.311344E-04
   0.679485E+01   0.264118E+04   0.262630E+04   0.124107E-05  -0.222646E-05   0.000000E+00   0.263850E+04   0.263850E+04   0.263850E+04  -0.586669E-04   0.122031E+04   0.121987E+04   0.215467E-04
   0.848574E+01   0.177623E+04   0.176599E+04   0.534917E-06  -0.960084E-06   0.000000E+00   0.177439E+04   0.177439E+04   0.177439E+04  -0.394533E-04   0.820666E+03   0.820270E+03   0.155862E-04
   0.105974E+02   0.119207E+04   0.118494E+04   0.230024E-06  -0.413153E-06   0.000000E+00   0.119079E+04   0.119079E+04   0.119079E+04  -0.264770E-04   0.550756E+03   0.550384E+03   0.117136E-04
   0.132346E+02   0.798485E+03   0.793450E+03   0.986861E-07  -0.177455E-06   0.000000E+00   0.797579E+03   0.797579E+03   0.797579E+03  -0.177341E-04   0.368901E+03   0.368541E+03   0.907358E-05
   0.165280E+02   0.533887E+03   0.530247E+03   0.422374E-07  -0.760850E-07   0.000000E+00   0.533232E+03   0.533232E+03   0.533232E+03  -0.118564E-04   0.246643E+03   0.246287E+03   0.718688E-05
   0.206409E+02   0.356364E+03   0.353650E+03   0.180300E-07  -0.325685E-07   0.000000E+00   0.355875E+03   0.355875E+03   0.355875E+03  -0.791286E-05   0.164618E+03   0.164260E+03   0.578069E-05
   0.257774E+02   0.237482E+03   0.235378E+03   0.767276E-08  -0.139198E-07   0.000000E+00   0.237103E+03   0.237103E+03   0.237103E+03  -0.527198E-05   0.109687E+03   0.109325E+03   0.469616E-05
   0.321921E+02   0.158008E+03   0.156302E+03   0.325257E-08  -0.594078E-08   0.000000E+00   0.157701E+03   0.157701E+03   0.157701E+03  -0.350648E-05   0.729655E+02   0.725951E+02   0.383767E-05
